798.172	3748.421837
782.287	756.3395699
753.783	100.1014141
722.3565	21.98061212
689.816	276.7951924
662.7243333	2334.824738
662.6586667	1702.061496
659.122	1175.808554
654.984	128.1267267
651.7816667	1043.547838
651.5506667	3541.232751
645.5326667	570.8943927
641.4306667	65.19017969
635.2083333	1105.849227
626.733	1615.848774
624.541	47.38426245
623.379	491.7338853
622.9913333	3189.088742
619.621	157.0302751
613.4436667	1166.179619
605.416	812.176826
605.3306667	898.3652942
605.031	225.1174068
594.656	4.549788035
592.331	1043.840471
590.789	23.94385902
590.4076667	2813.726816
589.565	398.154229
585.983	72.18635272
585.2243333	2349.998005
577.0406667	115.797465
569.2333333	420.0325209
567.546	36.83384503
567.516	415.2833552
566.9263333	318.2464922
564.1485	2033.807006
562.586	892.2812432
561.5206667	1384.258889
560.8335	14.8148532
558.883	25.24763903
557.435	633.9675458
556.42	1882.041618
555.0905	4.428949854
553.4725	68.33765904
550.4515	5011.479104
544.5966667	123.6327627
541.8165	1051.05787
541.3083333	2805.233392
539.8005	501.7343706
538.114	1040.029178
537.6763333	455.8554144
537.1243333	385.3876759
531.2093333	116.945572
530.3403333	250.1475519
529.5313333	691.3218336
528.4493333	30.7979606
528.322	896.5751356
527.936	1039.942809
527.762	77.38921434
524.6955	112.5424244
523.9465	1.473117413
523.3916667	140.7344145
520.474	33.12869882
519.6893333	1166.793208
519.101	286.4522224
517.4845	137.6622386
517.29	773.9234786
516.7833333	222.1307566
516.6795	131.6269698
515.576	5632.529957
515.5083333	807.330634
514.9803333	266.6111561
514.7115	191.6733146
514.4053333	3211.545774
512.7513333	19.51887017
511.7253333	60.92459686
511.2625	540.6807202
511.1673333	20.29229426
509.8533333	179.5683226
509.827	13.08260074
508.7155	592.7099497
506.105	1920.132081
505.8016667	45.23016118
505.764	576.9673189
505.7136667	214.8175327
504.0656667	134.2470249
503.527	677.391632
502.888	2206.506011
502.7566667	394.7220692
499.9396667	497.7150451
499.491	50.40919346
498.3865	3.526445562
498.1646667	50.21555106
498.155	1919.039234
497.977	0.608564078
496.7745	351.1092208
496.0295	354.2594559
493.694	162.2026421
492.136	38.43020865
492.102	82.87151583
491.406	11.66336385
490.909	578.4427153
490.8415	32.52461327
490.839	61.58380767
490.037	88.89897019
489.468	213.6446909
488.5885	972.3949732
487.015	1018.58539
486.882	52.35810656
484.5485	1690.907872
483.5533333	370.2488248
482.9603333	8.380587221
480.0943333	32.62461333
479.112	878.5540294
478.563	499.9566188
478.424	300.8808772
478.342	342.6934779
478.0926667	172.6864666
477.952	450.4667278
477.286	123.2945448
476.5166667	72.08785822
475.3065	1819.622369
475.304	14.16037775
475.2265	795.6920784
474.1065	171.7350196
472.8963333	97.55026083
471.805	64.35389014
471.2623333	1.921511095
471.209	994.0047645
470.978	238.4662861
470.595	144.7011328
470.0415	7384.111528
468.5453333	419.3844464
467.8743333	459.801499
465.7726667	826.6822411
465.2865	1572.636323
464.4115	90.46703
464.3615	381.9501671
463.509	1344.082706
463.1055	51.47011966
462.8775	24.35055246
462.307	3.735837432
461.612	4.43457881
460.6795	714.2981326
460.3985	869.0243871
460.372	1668.072098
460.369	545.8114943
458.497	1492.78427
457.6593333	577.6276551
457.5435	340.0311669
456.523	266.4234888
455.033	58.26417894
454.8755	39.09254707
452.418	1395.297184
450.538	34.01989781
450.067	1919.712029
449.827	256.1150426
449.6545	282.2165327
449.5075	680.9723536
449.448	258.5150438
449.128	525.3589932
448.536	10.611704
447.367	1397.507874
446.639	16.94093035
445.268	6578.908502
445.2193333	259.4189849
443.9986667	75.8542238
443.603	1868.256377
443.4105	178.7364907
442.8885	203.6016951
441.8573333	475.9766165
441.486	8.066385266
440.0403333	668.8376205
439.8333333	459.9653418
439.196	92.83817355
438.4393333	69.9676609
437.7215	1557.474772
437.654	2474.742366
436.9376667	329.571547
436.7286667	137.8389855
436.349	57.89839
435.7995	351.7494874
435.5953333	1019.153898
435.155	1273.561898
434.645	1321.269356
434.5875	293.884488
434.5206667	50.13241752
434.44	157.7517226
434.403	689.1056265
434.3435	158.9726512
433.5825	241.9444555
431.8005	974.8731227
431.613	21.49665998
431.517	1292.172407
431.4875	22.6024968
430.836	37.66553002
429.779	72.88621002
429.5	178.0526612
428.9866667	955.9881922
428.955	1269.788536
428.8883333	977.115988
428.5886667	7.26900401
428.5495	90.15346807
427.9646667	909.9615604
425.6145	49.0309108
424.507	281.2835044
423.4423333	1180.421671
422.0456667	245.6320979
421.9745	5236.066999
421.677	377.0819465
421.4705	128.8822054
420.1736667	116.9562188
419.93	65.46324208
419.838	2587.638735
419.3983333	149.4738755
418.791	426.4214644
418.762	1735.762775
417.2276667	45.8097434
417.219	699.5521184
417.203	163.0011636
417.174	239.870988
415.9325	216.6469257
415.2085	674.0811548
415.1155	444.5684141
413.7393333	116.3844542
413.614	1266.664363
413.441	62.39906505
413.3493333	770.7398497
412.001	508.5963669
411.8285	133.7454286
410.371	318.9606659
409.6235	2312.476197
409.2736667	953.3902403
409.0105	21.66912182
408.1505	96.39407989
407.9365	119.1181582
407.7925	547.8205449
407.304	860.1527675
407.2425	1248.279322
407.059	262.6880396
406.46	325.3445162
405.8475	210.7468296
405.1265	833.0505736
405.0573333	109.9530196
404.9823333	375.8322806
402.914	1434.694654
402.8	1918.566548
402.4283333	155.8775702
401.7235	145.0443085
401.077	252.1850861
400.145	230.1827034
399.9183333	110.0932219
399.7866667	324.8303143
399.194	84.84932295
398.992	694.9410484
398.4196667	159.890895
398.4105	9.857419608
397.5446667	852.5342806
397.461	4159.748893
397.125	833.3529207
396.079	843.4122553
395.78	149.4914039
395.6315	933.649321
395.5653333	58.95693989
394.887	122.0925898
394.6915	2664.262197
394.6326667	305.690708
393.7876667	2.773599355
393.2175	898.0713855
392.8355	319.4835547
392.592	1.532269224
392.2625	893.4376212
391.6856667	23.97224794
391.416	718.2418638
391.361	121.7701149
390.8345	1400.263886
390.6173333	120.7301272
390.481	19.42426119
390.4115	376.1884969
390.009	838.2695694
389.7163333	1421.165812
389.0135	217.7961168
388.858	443.8939004
388.436	571.7460437
388.3455	7.120121656
388.013	197.2732585
387.664	3046.581617
386.955	876.859409
386.6215	82.58204082
386.361	1441.653145
385.8946667	351.0821477
385.4653333	632.5856141
384.9133333	435.0849998
384.5333333	72.10684853
384.2986667	95.26065767
384.08	1066.801629
384.046	958.6387368
383.445	46.17328311
383.224	485.234968
382.6983333	173.0567777
382.452	19.23936019
382.1765	712.9242134
381.811	48.0805246
381.8103333	124.0257459
381.7295	84.53354102
381.703	41.43868885
381.503	96.90168072
381.357	57.34710196
381.141	134.8957425
380.7046667	461.1671212
380.653	816.1090745
380.4066667	2344.239523
379.7296667	1085.383461
379.577	148.76859
379.5246667	328.6014741
378.4153333	44.3656852
378.223	130.9311598
378.0803333	30.64318595
377.627	258.1777139
376.9506667	827.7639618
376.839	538.8333662
376.441	763.5978159
376.2605	77.75278073
375.9563333	361.4896485
375.9336667	172.8975327
375.741	660.5483512
375.692	19.13385495
375.328	1750.113988
374.255	1705.55014
374.0273333	363.848082
373.975	428.7551329
373.8746667	5.813114536
373.655	123.469565
373.256	80.64632731
373.008	1713.813087
372.597	176.3944914
372.5606667	12.12082887
371.9095	741.8763927
370.7683333	808.1847847
370.656	749.9949799
370.0923333	31.41266106
369.4973333	561.53113
369.4305	62.30637035
369.276	1.839586701
369.1585	527.2513293
369.0095	3581.369795
368.9766667	496.6267153
368.886	351.3428983
368.565	575.4924767
368.2423333	903.1846803
367.9783333	320.2437742
367.7713333	196.5150634
366.756	3330.008372
366.5543333	479.3786419
366.5426667	730.3776743
366.459	452.4163963
366.4375	1095.832757
366.1063333	792.3220964
365.9436667	390.615563
365.8316667	233.1706308
365.485	2797.078059
365.3236667	57.53897042
365.003	606.6418603
364.941	41.64011478
364.8975	1098.306363
364.6443333	368.8448359
364.6083333	1757.823243
364.5623333	213.9857604
364.0136667	115.6613445
363.878	146.567444
363.746	280.2689367
363.164	1152.988817
362.9666667	493.3494798
362.808	420.8325074
362.5956667	628.2934885
362.0673333	673.7228244
361.7606667	344.0829927
361.7515	1009.182067
361.7186667	109.2606278
361.3755	79.10471406
360.932	163.2458834
360.8835	1792.998369
360.7216667	20.98200258
359.0033333	69.89419192
358.6545	292.8323721
358.243	92.3080641
358.073	237.3688838
358.0203333	191.0912967
357.988	7.186501623
357.724	267.6433738
357.574	955.9933599
357.4036667	124.2714118
357.1223333	181.7158123
357.0836667	765.1548261
356.9793333	455.2509842
356.535	649.5702893
356.1765	105.6918621
356.1736667	11.25178735
355.958	1506.259286
355.68	235.8997461
355.493	891.8531211
354.384	3.327380554
354.3483333	754.8873249
354.245	973.2550608
354.188	3.357460995
353.9125	426.2167958
353.727	550.7716378
353.5825	661.9288129
353.5276667	1381.609394
353.4863333	52.81730919
353.3243333	16.66275253
353.146	546.0266723
352.9705	37.21079955
352.828	1506.48635
352.762	105.3698416
352.216	606.3132153
352.0396667	75.85133517
351.855	22.35211023
351.609	78.43332456
351.1615	1581.718498
350.9563333	454.7260153
350.8736667	26.13233551
350.509	48.17115242
349.789	2621.880152
349.5925	160.8252478
349.5865	39.25593559
349.018	137.7068743
349.0065	147.0145188
348.82125	1014.885066
348.8	840.6978524
348.7605	3324.912981
348.5825	937.7123443
348.545	428.1816449
348.522	503.4916578
348.4946667	105.302919
348.3495	1197.1301
347.932	210.0633949
347.912	770.0627717
347.546	326.5271558
347.395	168.204769
347.1546667	2096.111463
346.8065	9.914512007
346.6723333	315.5840163
346.4605	958.1130597
346.2296667	72.58670179
346.082	353.6464852
345.5955	446.5386294
345.543	575.3960607
345.2735	5.949357484
344.8075	135.066349
344.585	378.536164
344.398	344.2004056
344.1335	198.1729836
343.924	162.4188427
343.9075	555.1256581
343.8026667	48.61743794
343.6575	371.7353601
343.6015	1787.688707
343.1933333	967.5645262
342.9453333	408.4339244
342.8005	324.8868692
342.7293333	110.146932
342.6743333	807.1665119
342.5556667	238.3931334
342.3366667	388.469559
342.1005	65.67175999
342.013	1102.65032
341.8466667	324.1542571
341.8313333	35.64575983
341.6663333	657.354117
341.5776667	126.0493474
341.173	514.9103963
341.1715	76.31549907
340.821	65.12959122
340.7966667	308.9036498
340.4025	1355.79266
340.056	1387.366259
339.985	147.4522693
339.628	4149.002005
339.566	105.0841209
339.354	640.6392202
339.026	279.5182692
338.7533333	5.362323442
338.5976667	19.51944091
338.28	166.3995111
338.1586667	971.4048315
337.939	43.87089837
337.6853333	108.788431
337.537	1348.836702
337.4683333	65.70033217
335.99	1436.407411
335.798	10.26167379
335.561	1544.842234
335.5235	642.5748196
335.4805	496.5785304
335.3	156.9463524
335.1826667	24.22536764
334.9786667	214.9209317
334.8105	39.23320558
334.738	2743.150021
334.5146667	1120.700795
334.184	144.4598263
334.0825	1759.590733
333.9343333	716.7763817
333.849	202.4868984
333.3406667	36.89261697
333.1815	79.99553148
332.827	6.825355835
332.807	35.95391546
332.6423333	708.1157316
332.5853333	661.6599935
332.3215	658.7093145
332.295	36.17216826
332.0413333	465.453301
331.9775	575.6451626
331.9435	708.3070976
331.937	320.7395845
331.196	199.9559478
331.105	840.9248267
330.825	7.884411946
330.79	248.1582442
330.062	55.69562507
329.944	2287.049946
329.671	137.647832
328.901	1604.306516
328.8846667	385.1291266
328.689	43.19433381
328.305	4832.051154
328.0015	906.7849159
327.516	50.94040555
327.256	7.38472185
326.9025	184.4860416
326.8106667	489.4352069
326.72325	591.2963276
326.657	338.0901591
326.3123333	3575.73445
326.217	453.0569539
326.1176667	1681.224179
325.933	5130.874055
325.908	27.49784514
325.861	32.60591936
325.8325	152.4046785
325.687	164.3770882
325.674	1636.189081
325.4336667	292.3076689
325.3253333	197.7510002
325.259	1116.540322
325.0275	505.3309463
324.778	436.269723
324.678	537.4426039
324.5525	354.1022597
324.4835	127.0017215
324.4345	1235.752395
324.354	118.9749873
324.3365	467.2416474
324.228	364.3450633
324.2033333	182.2055954
324.1845	93.90800458
324.1143333	36.39486328
323.7283333	135.8734563
323.5	109.7425683
323.4595	412.4062515
323.285	1586.032323
323.1906667	41.62881919
323.163	28.43389068
322.918	1338.98262
322.8943333	320.1645312
322.7985	155.6252074
322.3563333	41.91354638
322.3463333	87.83517741
322.2215	1537.165085
322.118	3955.701607
321.845	30.48902724
321.7155	271.7730075
321.65	1640.176616
321.475	273.5801166
321.4585	602.198701
321.287	56.63078012
321.2003333	150.3298617
320.6615	430.2118193
320.6285	6.668539712
320.386	916.880053
320.2403333	159.4655711
319.8815	366.6483096
319.731	13.80114241
319.5985	1965.921711
319.117	511.9267232
319.06825	288.9709461
319.0186667	5.412843037
318.9483333	44.18988473
318.8966667	1119.746534
318.1815	16.54204478
318.1473333	251.018818
317.8515	30.7127459
317.4555	133.9290888
317.3635	183.4959479
317.3346667	4.884125843
317.008	632.6062497
316.8806667	39.36032838
316.875	734.1611585
316.639	31.46723584
316.271	208.3400072
316.245	3.268070746
316.236	538.6722813
316.1385	125.0122137
316.134	2081.581404
316.1215	437.0609024
316.0763333	185.0452444
315.9845	663.46251
315.663	180.5229614
315.5935	17.30449152
315.4845	328.4885492
315.3623333	14.60767455
315.2835	92.42199764
315.163	403.9310341
315.0526667	66.78081421
314.833	1280.376602
314.5653333	13.54718151
314.485	79.95691594
314.0953333	357.3516451
314.0913333	39.27586742
314.032	178.7490943
313.78	1061.378413
313.584	1403.875924
313.4625	872.1103659
313.025	829.6981377
312.807	649.5792167
312.537	509.1885562
312.4583333	60.67769699
312.4313333	193.4256844
312.011	832.477921
311.3875	598.9067874
311.3185	257.4887788
311.164	33.28137214
310.982	181.290864
310.9115	36.91061052
310.7435	966.5996735
310.596	225.8517602
310.267	95.44762074
310.1595	780.8034545
310.069	16.745029
309.764	546.6328714
309.7585	239.9678891
309.734	78.09115235
309.6615	687.5223256
309.552	418.4551663
309.5035	110.7162549
309.446	181.7973818
309.224	63.22552668
309.213	268.116761
309.07	363.7615756
308.9595	569.1688712
308.939	67.39475736
308.714	251.5515444
308.631	104.9500879
308.6213333	22.10338783
308.5965	6.641461927
308.486	513.9032352
308.473	1514.096159
308.4016667	40.95214466
308.18	212.3210259
308.116	1906.127347
308.0746667	564.3456716
307.7145	1600.320497
307.389	442.4785247
307.3733333	500.6359887
307.1946667	84.61807559
307.1285	230.8227014
307.1285	271.8593725
307.086	1445.574763
307.04	35.48268477
307.018	80.02247945
306.638	314.1690413
306.403	1.0288056
306.3195	371.5613453
306.2076667	2404.572309
305.8285	1571.799906
305.5533333	1149.140105
305.3815	715.2301393
305.3185	5.876173765
305.3123333	3728.425762
305.1275	55.89578429
305.032	118.3922571
304.9713333	113.3120249
304.87	422.8718861
304.802	978.6636875
304.6393333	1505.689146
304.6113333	82.33873728
304.5496667	544.6865713
304.3576667	130.0766683
304.2025	188.2556018
303.8455	45.22301008
303.618	10.64739621
303.522	558.6685479
303.458	264.5223539
303.164	1098.894622
303.151	185.0428274
303.0635	1199.257453
303.0115	718.0648599
302.886	21.65667056
302.881	1181.658884
302.736	2708.651364
302.6836667	85.87194443
302.666	87.0251069
302.512	16.10500838
302.41	127.8112648
302.286	137.0788677
302.2393333	14.3996806
301.957	333.7952667
301.932	13.71700966
301.7613333	95.30404409
301.718	63.33760908
301.2485	204.2304267
301.0505	533.7082563
300.843	748.5834818
300.805	145.0536867
300.4895	1373.356627
300.4815	51.17870119
300.17	97.64514973
300.1295	638.3938755
300.0765	3931.796883
299.9046667	706.9580583
299.2996667	71.85266236
298.5153333	1748.719388
298.1066667	469.0690874
298.043	828.5039205
297.9893333	250.9261174
297.9285	296.103132
297.8915	272.2416056
297.773	653.968792
297.6805	254.3873652
297.3805	330.4806823
297.3215	4238.679983
297.307	26.52790866
297.2516667	485.5243196
296.6495	54.31649231
296.5215	551.5214867
296.044	210.1560045
296.038	627.981397
295.7495	443.094033
295.619	24.39148521
295.5323333	189.6227573
295.456	261.6436733
295.375	65.40650845
295.3095	302.2755603
295.077	651.7556355
294.9616667	93.51864703
294.875	14.21114426
294.733	2343.369941
294.4975	5.701373023
294.422	45.48546387
294.374	414.6100592
294.1763333	4.855268446
294.0813333	4.53214348
294.008	1508.054349
293.5385	1073.568797
293.4475	49.32852112
293.439	119.5928371
293.3685	150.2225093
292.6423333	884.3173462
292.54	32.86933454
292.4453333	642.6089264
292.369	108.8198178
292.0286667	11.14694228
291.795	16.41717149
291.646	47.2091263
291.5985	17.17996688
291.5225	10.85065426
290.927	37.10251698
290.521	678.3151081
290.279	16.98433238
290.275	277.205538
290.2155	222.7548626
290.0266667	541.5117783
289.982	40.4907323
289.8766667	9.807333101
289.4416667	392.8334476
289.388	68.9514092
289.2765	211.2626179
289.0325	1129.413137
288.9956667	306.125118
288.9786667	565.6013762
288.312	503.6426543
288.296	143.430826
288.268	90.77993513
288.242	9.713166215
288.0735	235.3971233
288.0475	71.40236811
287.9973333	115.8448087
287.9445	1551.011465
287.816	63.97051219
287.778	380.6135624
287.7063333	1152.395902
287.483	436.4726708
287.451	319.1300071
287.375	1.823595932
287.356	29.3222152
287.2816667	37.09502849
287.2613333	392.681283
286.9603333	214.3419694
286.8173333	341.9558193
286.5743333	261.9210335
286.5175	618.6035666
286.5046667	815.6874459
286.3185	416.016639
286.121	12.83013301
286.0353333	282.6466996
285.843	41.12058294
285.6033333	72.61464732
285.452	129.6928927
285.365	54.77187464
285.096	691.9618718
285.07375	180.9436044
285.0556667	43.64800792
285.0005	1065.422841
284.9043333	133.060247
284.9025	60.77528419
284.901	125.4002738
284.6305	227.7053449
284.442	206.351257
284.135	605.2700562
284.124	20.71179381
283.722	1272.473296
283.6843333	34.44595817
283.5815	7.365908644
283.4573333	407.1438063
283.2115	139.3929046
283.205	375.5611033
283.152	157.4372796
283.041	70.35808105
282.9806667	170.0940801
282.8945	72.96074745
282.729	31.31861783
282.637	46.87784405
282.6276667	7.592278416
282.0145	207.2104947
281.7355	54.17640024
281.675	433.1540669
281.667	347.8461599
281.5135	256.2910874
281.3015	25.3877899
280.9983333	26.43406742
280.9586667	82.69754811
280.722	64.54433533
280.7023333	49.34944563
280.686	9.131690299
280.6515	2849.719362
280.648	572.1045149
280.6215	1120.87005
280.5303333	7.848245671
280.37	73.25707471
280.223	135.0795359
280.1695	400.8993873
279.8716667	46.19436302
279.3975	195.8428978
279.1403333	75.46306581
278.96	271.7730266
278.777	18.40844007
278.7683333	332.9469796
278.278	2244.548639
278.207	467.7831117
278.1336667	95.04578902
277.938	4.470910552
277.826	397.4117373
277.7363333	1587.64627
277.54	908.6195189
277.511	334.7556515
277.3885	447.9215551
277.2765	124.664569
277.2135	421.6883528
276.9585	371.2829481
276.914	20.28758134
276.8295	113.5476518
276.8256667	129.5628644
276.5835	7.297262222
276.5515	58.27301171
276.4763333	8.278437869
276.39	100.8545598
276.1616667	235.9730156
276.0945	2.182660564
276.0375	698.7892017
275.957	74.24497326
275.7805	2014.834203
275.3475	756.9603063
275.346	193.6550719
275.3306667	61.38838783
275.1746667	157.4310088
275.04	344.9131487
274.65	391.3022087
274.6	76.21946753
274.4875	146.9128541
274.3195	25.16102251
274.2593333	139.0003384
274.102	33.74733077
274.0035	858.3751451
273.7255	27.11147215
273.363	228.9398375
273.282	152.4084743
272.875	66.79637449
272.2723333	337.9403122
272.055	91.88903466
271.823	0.99535804
271.7635	294.2405437
271.733	217.8461788
271.622	55.80307854
271.5935	284.6650544
271.462	44.94707451
271.279	249.249014
271.225	866.4296315
271.079	1010.458468
271.066	595.3536213
270.9536667	1163.132326
270.852	2001.664672
270.848	128.6118747
270.7595	192.519413
270.7053333	360.5458368
269.9825	37.56498832
269.9625	301.8273059
269.926	319.6047669
269.787	98.00911031
269.48475	28.67292876
269.2815	294.3664457
269.145	14.08830496
269.066	852.1587056
268.5623333	495.1725088
268.496	1639.099371
268.4775	95.32849988
268.4305	20.52556618
268.174	214.8188434
268.081	170.8159763
268.0325	283.2049213
267.83175	93.2585542
267.817	644.3954147
267.8063333	413.5503325
267.76	241.8711846
267.4226667	138.2747712
267.3045	908.5016747
267.2175	183.7771475
267.1915	9.069170448
266.9446667	166.7455952
266.9355	139.0966981
266.8895	135.3453565
266.7176667	114.1643242
266.6823333	791.64393
266.51025	804.9594811
266.435	592.7320826
266.269	1308.376131
266.1433333	3.50374511
266.139	278.0687946
266.045	17.86417183
265.919	220.3916848
265.883	3.155951309
265.768	0.732050967
265.6975	321.7822325
265.686	877.4697589
265.6273333	1.035124027
265.6055	73.28792666
265.3805	715.5033046
265.291	982.208781
265.0573333	368.5078443
265.0566667	1402.572309
265.0175	113.5711413
264.873	22.33548486
264.6865	62.64814085
264.5745	277.4593146
264.4573333	41.8660433
264.441	776.6276093
264.4096667	299.5572178
264.3355	604.7287526
264.2893333	258.4223575
264.0885	457.6814331
263.9935	1404.258698
263.9565	368.9351917
263.9173333	1265.578735
263.8815	183.6863482
263.631	2.056561191
263.61	341.4936542
263.601	36.29976224
263.5925	652.4158728
263.397	364.7346521
263.3953333	599.1513965
263.0845	902.3442273
263.074	320.6598122
262.999	297.9329078
262.63	83.79153754
262.5846667	10.49014016
262.0585	3111.206567
262.024	263.3864195
262.002	136.9943793
261.659	216.5315726
261.518	24.25179499
261.4145	413.9395674
261.339	518.6048697
261.2115	19.54987913
261.095	16.37722233
260.7733333	58.27707539
260.752	212.4994155
260.7475	194.4221648
260.5133333	638.2590859
260.506	316.0464442
260.435	176.4210043
260.0975	730.6551838
260.0966667	115.8116225
260.029	4.953126424
259.9095	0.815551146
259.8603333	310.4781604
259.6523333	26.41870101
259.58	65.08448254
259.4855	4.584094837
259.453	0.486321255
259.426	25.59091005
259.2086667	998.4671704
259.175	258.8297611
259.0245	1379.252297
258.952	28.10655428
258.9026667	21.72571568
258.769	101.1881256
258.6465	235.7879062
258.634	26.68754842
258.534	181.1493698
258.291	1726.344874
258.2905	19.5041743
257.6605	224.0815459
257.3995	455.7743541
257.2565	0.303065387
257.1203333	10.0815725
256.9083333	26.0440813
256.8276667	14.44630909
256.8055	88.34535707
256.7875	0.403255066
256.556	146.8544519
256.4313333	17.10811451
256.3895	423.3589039
256.3865	41.79236655
256.09	15.43149973
256.054	173.2821906
255.973	61.69372429
255.7625	140.2743897
255.493	676.3024147
255.3515	128.5428148
255.1466667	1.37639222
255.022	402.1565155
254.9335	1.209658329
254.8235	15.51212804
254.729	782.589294
254.677	1641.990992
254.6485	27.35315114
254.539	949.2824942
254.5325	68.64203122
254.5093333	737.7714205
254.498	348.1560735
254.34325	474.9551089
254.307	217.1437105
254.20025	56.08386192
254.1713333	381.3830329
254.084	97.29615333
254.0783333	51.41751717
253.977	1618.87176
253.921	141.315218
253.575	128.3868653
253.569	9.569689607
253.551	291.0230249
253.549	317.1641385
252.9066667	128.2896655
252.8663333	360.6787678
252.838	17.63775057
252.005	201.1796362
251.981	717.7753449
251.7403333	35.93390145
251.6785	485.7374079
251.593	28.82237771
251.268	424.1424798
251.148	2363.25533
251.0085	50.91643504
250.9465	114.6427594
250.9365	466.2709053
250.846	488.5073083
250.845	135.6793474
250.6745	1167.733644
250.6056667	146.3036248
250.1415	495.0616362
250.139	213.6111324
250.134	86.72321152
250.05	1413.979326
249.796	238.2879508
249.4375	412.3145278
249.43	249.1988226
249.37	84.92457069
249.3423333	635.7181148
249.272	429.8057141
249.2223333	278.3359739
249.213	461.6684803
249.1293333	236.9980025
249.0166667	176.2772588
248.941	248.5076997
248.8875	222.7786577
248.8466667	64.35086066
248.776	17.27999793
248.73	655.9951837
248.705	14.38385381
248.61	145.4563746
248.604	76.79591137
248.3493333	59.33884908
248.336	52.80166011
248.0845	488.7949447
248.0565	28.23170659
248.019	244.7553453
247.9145	61.85276575
247.765	8.424588526
247.6106667	104.0556004
247.584	258.161716
247.5013333	64.54363914
247.4736667	477.8871277
247.2046667	106.3051092
246.73925	362.8450227
246.7185	233.7674291
246.639	106.0094694
246.6193333	417.5649161
246.597	20.14051887
246.5316667	805.0586515
246.232	11.39100433
246.2095	120.7286587
246.189	15.81520163
246.0535	6.144792697
245.823	166.736719
245.616	468.3146322
245.5275	268.9658616
245.5095	2934.293064
245.4316667	77.81821345
245.3903333	18.97565117
245.355	650.4216472
245.0915	144.382115
245.023	879.1704097
244.809	71.68441461
244.7683333	368.4999507
244.6825	3002.358417
244.67	1189.023639
244.2533333	368.0310059
244.0983333	42.38760005
244.083	1528.842084
243.8616667	4.19957635
243.738	124.3531657
243.67	45.81813053
243.662	58.4839717
243.65	2005.65156
243.6135	301.830454
243.55975	317.8439662
243.5295	292.6504114
243.5213333	333.7087483
243.3655	1507.634056
243.3403333	156.9158033
243.3286667	355.9381848
243.285	288.076339
243.2555	61.88523102
243.237	449.1275424
243.1313333	17.41850655
242.90075	104.1489474
242.6953333	7.318863593
242.61075	45.57120177
242.1983333	60.24860465
242.122	40.1726583
242.078	1809.271967
242.0665	87.52198622
242.0506667	315.36453
241.939	18.51881152
241.8793333	1002.291447
241.692	34.55884681
241.38	14.25025187
241.173	284.7796803
241.1373333	16.61376161
240.9405	310.7135304
240.8145	305.644452
240.7605	730.9836237
240.7585	116.381634
240.706	52.34475384
240.5996667	43.26831301
240.583	2.367426547
240.4575	519.0923435
240.345	18.96831539
240.3065	58.13668028
240.2365	8.227543203
240.23275	83.25909544
240.2075	143.9089848
239.9413333	0.196693684
239.677	111.7642977
239.645	92.63488791
239.601	1086.621766
239.436	123.1552791
239.254	675.3629489
239.2433333	618.7015759
239.204	161.5037056
239.1776667	633.1157535
239.0253333	240.8018269
238.958	313.5901876
238.8893333	350.3022302
238.5983333	212.5082965
238.578	235.2163262
238.4245	852.097515
238.3993333	313.2168375
238.3606667	704.5356425
238.2503333	72.88043899
238.199	575.599241
238.0436667	23.22976579
237.783	93.07117521
237.7795	29.8880933
237.735	163.0429096
237.537	9.557305849
237.1325	108.9563458
237.0316667	84.27763851
236.9985	56.20063112
236.8323333	80.47895802
236.7953333	819.2732152
236.604	107.2696443
236.4793333	65.51014036
236.2515	266.2626362
236.2345	583.790037
236.2066667	278.9050426
235.968	1062.021764
235.669	574.0926708
235.61975	16.19859245
235.455	69.76440142
235.4015	854.3733319
235.3086667	1119.050579
235.2396667	204.4774228
235.1765	368.0642727
235.07	8.240606081
235.063	107.8860193
234.9505	199.9376001
234.9485	1957.41568
234.864	1004.726055
234.741	6.536226394
234.6733333	179.5684927
234.5356667	6.223845882
234.4573333	41.80770559
234.3333333	18.50782428
234.2445	601.9727672
234.0305	385.6917116
233.8995	51.18220855
233.7963333	3.300480554
233.7295	358.7990519
233.579	19.74735959
233.5725	321.7233165
233.543	368.1130902
233.4555	281.4729495
233.4216667	16.95137836
233.1813333	70.25483376
233.0393333	10.57422317
233.026	508.0472458
232.9575	279.0101033
232.9533333	774.6851181
232.8975	501.2430598
232.68475	779.9685643
232.5535	292.4647118
232.5115	146.3051794
232.2195	1459.833381
232.1745	52.27667063
232.1486667	30.47797698
231.933	828.3300296
231.861	56.47555565
231.78	398.869189
231.77	27.70514417
231.72	7.276947908
231.3193333	16.98992552
231.2443333	663.0319779
231.221	469.6397673
231.0005	317.595198
230.7483333	850.0214398
230.7	94.291056
230.605	1616.596016
230.5843333	109.7897913
230.34	229.4582161
230.3355	96.23339471
230.3093333	34.4676092
230.231	0.239685864
230.182	13.00381767
230.103	255.9760364
230.0535	55.18672696
229.9425	338.1694083
229.84	68.27031694
229.7525	654.062238
229.6	8.062094611
229.592	80.86398864
229.563	4.377103327
229.53	15.55765462
229.4673333	375.1482188
229.438	289.0274701
229.3965	33.57280549
229.3815	595.9789306
229.2415	42.77227381
229.0675	2693.715413
229.036	156.2616559
229.0303333	135.5839914
229.014	790.2807571
228.848	212.4367593
228.625	393.0617053
228.53	621.4443398
228.2986667	324.5740882
228.1483333	33.03582747
227.992	58.49172478
227.9006667	26.84573259
227.78425	717.4802365
227.7745	14.40153129
227.769	541.2922055
227.7046667	8.316675354
227.36275	42.87210387
227.151	43.68020025
226.8995	1990.054399
226.851	31.46433452
226.8085	558.5955516
226.77675	75.25666576
226.5765	475.5785912
226.5	420.0701935
226.4896667	407.9605376
226.4306667	122.1087239
226.362	172.25543
226.2743333	50.6481282
226.26	62.66083345
226.1535	2010.391803
225.8993333	89.86108257
225.667	259.8747589
225.612	94.18650831
225.5143333	566.6300374
225.484	0.98532201
225.4545	109.9762054
225.4265	236.0203115
225.3066667	54.26793916
225.2	208.0025758
224.9285	361.6271153
224.7556667	11.41994076
224.6863333	485.1117133
224.566	338.3782682
224.552	19.96855672
224.3495	123.6361618
224.337	269.0414691
224.311	255.7779587
224.2435	32.15642394
224.06025	11.06999899
224.05525	89.26219747
223.9775	765.3879032
223.844	46.01642234
223.6075	29.92156226
223.504	91.44449916
223.3875	211.7024727
223.3715	346.5765357
223.298	55.96502136
223.2615	369.5077339
223.197	159.5751352
223.1216667	33.44095032
223.0263333	3.362333556
222.9595	72.8650296
222.8685	903.8054902
222.673	1113.227439
222.6555	84.28973349
222.534	12.8213931
222.4535	487.7284522
222.4066667	942.4214744
222.401	15.54166359
222.1795	93.89680122
222.172	135.5344987
222.1175	213.3346107
222.0536667	304.7729234
222.0173333	79.1283839
221.96	905.1016762
221.9093333	166.1615176
221.891	812.4269008
221.8813333	946.4030424
221.782	11.62011247
221.4235	528.2671686
221.4086667	58.04492687
221.3825	205.5307367
221.291	17.06240517
221.278	27.42699359
220.9593333	1496.581125
220.92825	135.4983098
220.7905	565.9841064
220.7826667	60.09213756
220.3403333	476.4875293
220.258	998.1296158
220.2406667	2.067013847
219.9435	140.0901446
219.9193333	274.2515944
219.9016667	628.9868733
219.825	214.8479073
219.6813333	82.34005696
219.651	227.6830739
219.599	712.905914
219.562	24.91547128
219.5103333	0.659825994
219.3043333	85.87352448
219.15	91.81801496
219.0776667	22.82941742
219.05	1059.830457
219.0025	57.09277888
218.9835	0.381863944
218.6866667	374.583447
218.6375	224.8735572
218.4865	57.76523937
218.2715	92.47641887
218.222	960.1457159
218.162	258.9815757
217.9683333	2820.253536
217.917	186.9738659
217.7875	1547.720002
217.7476667	27.12592411
217.667	118.8659777
217.642	80.04384169
217.585	287.9374565
217.5365	44.06120236
217.39925	89.10485613
217.3685	12.40357319
217.3073333	1.988601959
217.2245	4.261536268
217.004	62.29346984
216.8603333	336.1558205
216.855	5.327349114
216.787	151.835741
216.7655	39.21781496
216.76	179.7548201
216.5481429	607.9385775
216.5113333	178.3261677
216.47275	79.02547077
216.437	101.2147912
216.4195	1095.650899
216.0355	41.6476408
215.9655	534.788798
215.851	39.3986475
215.66575	180.939573
215.64725	1566.081493
215.592	53.45122021
215.529	329.5306963
215.5005	14.32516237
215.1985	58.62392207
215.1846667	841.4905257
215.1445	59.99125824
215.1106667	102.3787739
214.688	548.7824424
214.653	92.77721896
214.6176667	90.07331772
214.516	143.2919827
214.485	178.3881385
214.4446667	173.6173979
214.4046667	5.672969536
214.285	106.9948857
214.218	483.3734486
214.119	507.8152038
213.984	68.76745703
213.65275	209.4408385
213.2446667	877.3434121
213.229	70.56371457
213.214	106.0817835
213.1725	560.4768452
213.1055	114.4872513
212.9396667	46.73839975
212.8816667	227.200226
212.709	226.4022292
212.68	34.6012448
212.65825	109.958362
212.3805	15.06966595
212.3433333	35.8024873
212.0743333	57.90949758
211.932	76.17673428
211.9025	39.70948019
211.7895	36.18930927
211.7715	401.3363787
211.5176667	138.2746278
211.395	200.4970027
211.3873333	337.1311106
211.3535	2.202969739
211.1456667	147.1507019
211.1136667	92.74558576
210.927	841.5374801
210.8925	159.217062
210.887	229.3788998
210.844	433.6478486
210.782	20.98557725
210.7583333	9.336595323
210.737	33.0759824
210.6385	879.668155
210.528	482.1504528
210.4096667	272.8908572
210.391	34.96797315
210.254	51.54815192
210.116	124.4698816
210.036	701.0110349
209.965	34.79154586
209.874	285.066745
209.7916667	198.5012593
209.772	289.1803257
209.7265	69.3897376
209.5975	12.2629513
209.542	155.1268728
209.418	1979.034362
209.2903333	371.7922251
209.2895	634.30107
209.28	72.82223596
209.2	558.9788953
209.1495	41.25378426
209.087	78.90561243
209.038	123.163388
208.9995	169.7487025
208.8855	202.7833948
208.6683333	577.8384032
208.545	159.0302735
208.465	179.4906938
208.351	1069.154942
208.323	117.8773075
208.016	30.12849462
207.965	411.6026376
207.801	155.6839751
207.6606667	41.0074171
207.503	13.86385039
207.397	210.1787159
207.358	57.5831702
207.3235	154.2248171
207.2085	839.7406559
207.0783333	80.26353208
207.02	684.8876494
207.007	530.9987603
206.9206667	109.8662686
206.8645	145.4413859
206.8016667	28.63165377
206.7265	0.304587274
206.681	30.81510233
206.6746667	83.37736212
206.2985	62.77348265
206.138	42.39064738
205.9505	1274.277869
205.8113333	197.9293911
205.78	228.5514801
205.676	134.6669684
205.6673333	848.6025866
205.6076667	257.2364006
205.58575	484.7034945
205.5385	1013.977258
205.264	57.82276923
205.233	438.0178821
204.97475	79.41434391
204.962	373.9892667
204.7715	136.6226041
204.68125	1221.12965
204.336	178.847929
204.073	28.37745862
204.0186667	67.01209335
203.99025	1096.39379
203.9776667	879.8795897
203.9575	2.537257529
203.929	488.2098457
203.78	628.9946266
203.713	214.5208736
203.465	23.56081351
203.4095	484.2945787
203.169	1.552839547
202.9586667	21.73827598
202.8305	2.323297703
202.8165	3.54176808
202.8125	253.6991472
202.5986667	129.7692802
202.5625	78.99195872
202.365	34.99554239
202.364	23.69219034
202.2695	399.8361739
202.256	254.3965352
202.0396667	51.17246463
201.9985	536.0658295
201.901	550.0610236
201.896	167.3606779
201.7605	4.595961005
201.75	29.9657017
201.7266667	181.5697726
201.6956667	818.8521737
201.5566667	174.9404414
201.467	41.39092066
201.418	282.5396156
201.379	157.2530999
201.3125	192.7435813
201.2865	198.9984919
201.06175	102.5601332
201.037	101.6442263
200.975	14.66320595
200.725	94.85674182
200.662	53.27025135
200.6035	2014.782565
200.5015	509.8431941
200.499	58.84371484
200.4246667	44.4085225
200.4035	363.7934324
199.869	107.239887
199.806	44.07369883
199.717	130.0756802
199.6715	93.55943418
199.542	326.9792111
199.449	17.88815994
199.392	51.02758028
199.043	266.8212047
198.97	29.87084249
198.9185	248.8606008
198.8913333	250.3130327
198.62975	50.55046913
198.547	37.79440711
198.4955	292.1076552
198.482	99.37821746
198.4585	413.2875124
198.3733333	112.6097511
198.359	264.0291953
198.1883333	11.01754084
197.9913333	37.4057826
197.8835	66.09914701
197.8595	596.9504345
197.641	54.26451612
197.5926667	230.4224572
197.4093333	103.7724258
197.344	63.84340031
197.0833333	1203.85492
197.0783333	872.4112368
197.0425	786.7836464
197.038	31.2597674
197.02525	62.08495741
196.915	17.14170778
196.903	303.5402987
196.8516667	91.96301838
196.784	115.3602087
196.71	227.5159174
196.7096667	284.8639968
196.683	330.9611813
196.6745	443.9241723
196.6593333	1044.97682
196.61	5.712869596
196.442	311.9200548
196.376	8.97736351
196.2833333	56.80787096
196.192	1229.840519
196.008	3.745235562
195.8925	32.25913848
195.855	172.0199006
195.8016667	175.8348934
195.712	39.73247102
195.6635	70.22742009
195.647	13.62235563
195.62	156.2649226
195.5115	128.1413037
195.508	64.6039189
195.355	916.2802099
195.3133333	526.3542602
195.17	893.2426358
195.0683333	20.81167373
194.973	255.2171844
194.924	66.80886955
194.8825	1262.894125
194.7015	734.850266
194.7005	196.3389808
194.6873333	79.58323431
194.658	477.4485088
194.61	95.85826481
194.605	245.764844
194.5423333	272.4936192
194.4846667	173.963187
194.221	30.8768858
194.2185	14.9557842
194.1033333	51.45895157
194.0535	73.39184804
194.0336667	12.20647272
193.9886667	33.5007681
193.8746667	118.2887446
193.8275	412.2185992
193.8135	303.0695961
193.5536667	1116.21627
193.48	243.0922989
193.4785	108.89396
193.4765	118.6547888
193.214	182.4180993
192.894	48.91512442
192.8518333	2375.916361
192.802	93.61988987
192.774	87.85805406
192.7185	84.21958934
192.5576667	47.2935961
192.2865	265.9024573
192.1023333	168.5413783
191.9405	30.39278323
191.8665	101.4338157
191.8135	8.797454562
191.6735	77.49755883
191.642	94.87235624
191.6195	235.1091871
191.3725	45.27204923
191.3575	42.78607974
191.22425	326.9244306
191.187	55.5091155
191.1745	52.5145869
191.117	470.5219152
190.8966667	777.5905164
190.7905	228.9924191
190.72875	187.7354833
190.668	28.86891975
190.658	56.61736475
190.6065	882.8043646
190.5415	230.0162711
190.2465	356.4395479
190.2346667	377.6097926
190.187	377.8341318
190.0535	145.05114
190.034	5.908052704
189.97875	24.32441098
189.9776667	661.8547723
189.941	20.21026659
189.9166667	264.450301
189.8693333	15.62004231
189.854	119.0673437
189.8446667	499.8173858
189.6915	1293.883467
189.6786667	69.02230615
189.4226667	75.54053082
189.3586667	2.642533536
189.0825	80.0464671
188.8795	61.98236099
188.8275	472.569086
188.8126667	287.6497812
188.808	37.63415711
188.5433333	45.29337529
188.485	2.046112028
188.4205	212.8635379
188.3265	320.578926
188.3146667	918.5003292
188.29	47.30898157
188.281	181.2939538
188.2295	123.4535502
188.2246667	13.08841031
188.1636667	262.894949
188.128	136.1896919
188.0793333	17.23871942
187.742	323.4568626
187.70825	45.78723512
187.6635	1100.873505
187.4995	27.51991702
187.4706667	208.5524805
187.4525	1969.6435
187.218	259.435005
187.1866667	576.1469229
187.1863333	240.9088734
186.968	287.3771547
186.909	30.87352764
186.8566667	129.9199516
186.8355	21.10072928
186.632	239.9152284
186.3106667	266.2457604
185.9465	21.72989206
185.664	103.4102535
185.5753333	341.4620859
185.4946667	36.26395315
185.33675	46.65820709
185.288	614.6716479
185.216	23.15369385
185.0175	28.08447428
184.8535	7.747226661
184.787	208.9545366
184.715	411.0026789
184.442	287.8810424
184.434	120.6807276
184.428	60.70978472
184.4205	13.28426965
184.343	24.87111659
184.302	676.4121145
184.262	145.298433
184.186	225.3515381
184.1623333	38.71525176
183.8118571	634.0828561
183.7815	23.7488786
183.5023333	122.2343233
183.4995	139.8832914
183.479	104.276056
183.4535	112.1881486
183.4465	449.0441574
183.379	731.8297134
183.3525	5.146895377
183.334	264.5257344
183.304	619.8551402
183.294	14.80670679
183.288	788.9964588
183.2876667	206.5751424
183.284	1535.260515
183.0813333	45.20964125
183.0703333	250.9286971
182.688	105.2605585
182.6865	262.0964227
182.62625	93.22423929
182.5396667	120.8976797
182.47525	111.0491967
182.341	1392.589373
182.2496667	584.7236027
182.0925	147.2148996
182.055	163.205831
181.9755	9.214807257
181.9266667	49.18698174
181.88	6.361848166
181.8725	967.2847896
181.849	648.0633619
181.75075	234.1251004
181.6593333	17.23520832
181.37	57.07985233
181.347	169.1041846
180.981	25.34952306
180.9276667	774.1626912
180.9056667	118.735412
180.7715	39.74529704
180.724	801.0275901
180.6785	30.71124234
180.656	28.29900557
180.3985	131.7509478
180.3736667	548.533836
180.3535	40.31976585
180.3525	22.7061968
180.1675	7.577715609
180.123	449.9039562
179.9076667	62.91069935
179.8285	1073.059604
179.814	27.76176499
179.70175	724.2431788
179.5085	37.03746422
179.4475	82.97745632
179.441	15.75799896
179.3776667	165.1602612
179.3265	87.27356509
179.199	4.010405292
179.1933333	38.62884089
179.0295	14.21998767
178.933	342.0970357
178.884	1609.299613
178.79025	143.7369018
178.72425	112.2053306
178.686	35.74850991
178.6795	105.3864239
178.609	478.1935782
178.58	473.2495262
178.5415	131.610616
178.32	309.8690043
178.3145	14.42794827
178.087	26.16285705
178.078	690.1156702
177.927	9.711129385
177.827	252.0872412
177.802	312.8481976
177.5465	115.0650581
177.54	1.892061182
177.3943333	123.1394989
177.3493333	88.34888317
177.02675	475.3116828
176.9626667	106.1258613
176.93475	13.63637974
176.911	94.89574741
176.837	18.89672584
176.7405	108.6559208
176.713	51.16924067
176.65725	43.80784327
176.479	54.21074255
176.354	1578.435583
176.2185	452.3050196
176.1653333	139.0329634
176.007	5.241508576
175.94475	47.35457026
175.7815	117.2554696
175.7655	13.3743784
175.763	396.0932571
175.6685	1537.581575
175.6265	1520.663845
175.44775	17.70264491
175.39	58.95326894
175.3525	472.5641249
175.17275	127.3575329
175.0706667	307.7655254
175.0453333	46.7980578
175.02425	14.9510162
175.0075	200.2701442
174.995	532.0710916
174.99	209.0987409
174.96225	21.36787245
174.938	2.294606433
174.9315	609.7810811
174.8365	23.54885899
174.6475	1590.80596
174.639	442.7312343
174.62675	236.2406703
174.606	285.3305463
174.5945	493.4937773
174.537	69.40879746
174.4513333	370.7022242
174.43925	43.89920187
174.363	129.0242348
174.109	193.5883393
174.038	414.5285514
173.97975	160.7782736
173.878	129.6063319
173.848	969.4804743
173.583	469.8705768
173.537	34.04069432
173.51025	54.00791971
173.4381667	265.6330105
173.308	120.5914157
173.2725	44.29424169
172.976	717.5139993
172.92975	95.82309133
172.906	588.6086219
172.768	748.6407802
172.588	429.2866515
172.538	536.216145
172.47975	22.71687778
172.3153333	19.35609721
172.291	312.3686894
172.2166667	636.8088851
172.16625	186.2972544
172.1246667	9.333839253
172.0555	301.2793062
172.0366667	68.31294464
172.019	122.5783804
171.987	1077.653755
171.9203333	5.471846019
171.8173333	14.08510533
171.80325	49.5579997
171.70425	21.30410503
171.616	61.63886316
171.50225	29.58961685
171.4366667	25.84427446
171.3815	22.8589317
171.2283333	22.52477573
171.0963333	227.1788679
171.0853333	8.012004655
170.933	377.6829111
170.921	245.6037413
170.867	229.2886247
170.8085	69.39250528
170.7885	433.8610199
170.5766667	55.22191878
170.4597143	880.3066782
170.23575	143.4036711
170.1743333	15.45165301
169.975	1280.877406
169.888	70.03003896
169.834	26.47265128
169.825	85.74488647
169.805	444.9055298
169.6693333	150.7311544
169.5736667	70.96381659
169.504	47.26093163
169.375	127.6532823
169.3656667	464.7387551
169.22525	24.96845656
169.093	20.25040359
169.074	5.861980969
168.919	221.0821036
168.6246667	11.58397119
168.6185	188.4095336
168.6106667	922.8774497
168.5865	793.1977719
168.4353333	67.02459631
168.1636667	48.34538611
168.1613333	73.86295634
168.1343333	68.40684348
168.03	51.01515876
167.9026667	105.5500272
167.8965	16.76004835
167.8656667	227.5278772
167.5516667	58.1432282
167.52425	153.3292473
167.4444286	83.05173766
167.40525	10.7376914
167.4033333	174.2360696
167.358	252.2079589
167.34375	294.6189258
166.7873333	105.4031641
166.682	1745.489067
166.572	363.7319676
166.5695	147.9627485
166.4406667	3.56017248
166.42825	298.1449762
166.2186667	91.38848185
166.0483333	14.60132061
166.0245	607.4009525
165.927	237.4334875
165.3483333	175.0221644
165.336	376.1840121
165.2593333	607.6004899
165.22	667.076831
165.181	613.677393
165.1563333	795.9161988
165.156	272.1279631
165.05675	292.3453034
164.9898333	8.16541362
164.669	34.87463008
164.417	155.0204058
164.404	61.22432891
164.26	16.57047243
164.1686667	2.198574461
164.084	416.536846
163.9125	208.9480163
163.9055	1446.094172
163.9025	114.9630279
163.7616667	225.9153346
163.748	22.79511134
163.703	55.40112979
163.425	368.4108905
163.412	660.5385169
163.4075	92.11706602
163.3536667	15.00947359
163.352	300.4870796
163.335	619.8539132
163.1355	886.8035118
163.1015	108.791933
163.068	9.57478855
162.87	427.3794378
162.8426667	13.5136607
162.8175	213.1651741
162.5	194.9313209
162.4745	41.39051766
162.4226667	754.36962
162.3266667	91.02163957
161.74725	360.4627128
161.66575	112.7125501
161.51	254.7084287
161.5035	14.93811391
161.496	57.43898658
161.452	96.26704711
161.3006667	41.62958464
161.1535	82.47402126
161.0915	362.2930452
161.082	39.08078939
161.06875	352.0826366
160.951	239.7375454
160.7216667	326.8380082
160.5395	543.0018927
160.44925	22.54668192
160.4453333	252.4183945
160.4085	9.217414594
160.383	83.53938313
160.3773333	378.1575559
160.332	192.1423469
160.241	228.6954436
160.234	286.0851645
160.1886667	21.7671949
160.0345	2057.286379
159.9163333	33.37653767
159.8241667	27.03117314
159.7883333	423.5805204
159.728	82.17117407
159.7045	105.5550226
159.363	150.405291
159.2215	8.030697571
159.1395	666.8344021
159.0735	137.5060244
159.065	147.4801026
159.032	125.401554
158.9173333	355.717317
158.6526667	165.8770513
158.625	182.1365248
158.5365	58.76987218
158.476	284.7294848
158.4636667	183.4209819
158.2467143	1638.372293
158.02825	11.81619654
158.02325	437.5092295
157.87175	485.6924929
157.694	1057.914595
157.6755	127.5337158
157.6075	407.5360242
157.546	70.27133785
157.514	462.4028145
157.4105	86.12032412
157.37975	27.73951696
157.366	213.7591646
157.3458571	314.4572506
157.332	0.651687334
157.2225	3.702039936
157.20525	35.99121065
157.1371667	50.78403335
156.9525	116.1615902
156.73675	135.2134969
156.479	821.0384269
156.439	440.0799073
156.42	25.6342474
156.4073333	621.1402423
156.37	93.37680564
156.343	70.89148118
156.1775	88.69101516
156.042	524.9517149
156.027	251.9671431
155.974	513.7440885
155.9075	233.6484627
155.8835	1241.275174
155.8235	206.669176
155.659	1528.179124
155.65325	49.06307331
155.605	107.3725818
155.55725	766.6656495
155.36075	1023.535506
155.308	16.9207313
155.2205	154.91247
155.199	175.1629135
155.172	58.5459512
155.1436667	1.149055549
154.85975	59.563599
154.854	1109.600872
154.746	29.21380602
154.7016667	11.41440036
154.63675	144.1585615
154.6266	65.27674025
154.5523333	102.2847596
154.5116667	569.5501174
154.2876667	54.53059831
154.15875	232.9383326
154.1305	112.935629
154.0196667	267.6106904
153.9625	1317.870327
153.87475	281.3070401
153.8335	94.75904438
153.705	23.15950751
153.7025	62.72809063
153.5183333	1581.58775
153.457	598.0761727
153.4115	145.9514649
153.3725	47.06401698
153.231	33.78694306
153.2223333	469.9526583
153.037	109.4519221
153.013	70.65858885
152.977	265.4272172
152.966	10.59690026
152.952	491.9341914
152.9263333	234.765732
152.9255	5.959897366
152.783	227.3086357
152.7378333	268.3598673
152.533	85.86720783
152.45325	23.82959586
152.37125	82.88409887
152.325	540.7040174
152.315	16.33351087
152.3097143	68.76179268
152.3065	24.23122158
152.288	20.57118656
152.286	768.6132514
152.284	261.0326631
152.1815	18.16648678
152.01675	31.61803956
152.013	26.12999961
151.7943333	111.3164396
151.564	26.31477751
151.5143333	32.18685581
151.4623333	205.9321013
151.4095	68.3254651
151.3505	568.7462499
151.33125	8.253870252
151.3275	633.5696652
151.325	48.38169497
151.223	432.5585173
151.1	235.6051166
151.077	673.3771049
150.987	49.39223714
150.9818333	58.42802562
150.7285	124.1991739
150.4366667	108.6282554
150.3625	7.015054957
150.3155	63.10057475
150.27225	4.06893561
150.137	784.0962026
150.033	114.5204519
149.998	720.4574018
149.9215	621.1413411
149.8766667	68.63508859
149.7975	161.0022905
149.761	12.11781223
149.68675	55.45890175
149.6161667	44.46642917
149.601	90.31362987
149.601	1.733704451
149.5703333	44.79062238
149.5617143	55.50794894
149.3215	714.4823982
149.2045	408.0551821
149.199	296.7144499
149.1185	877.5069239
149.0786667	263.7764746
148.8885	257.2238122
148.7126667	22.84906761
148.6843333	83.63124628
148.5995	1101.889258
148.49075	384.0466118
148.44975	118.8997903
148.4485	202.3702375
148.42175	18.7590736
148.4036667	30.42076655
148.3445	67.52250749
148.1895	689.9129666
148.075	10.56188991
147.955	237.1352168
147.927	63.91684067
147.7778333	820.5020689
147.67425	234.4496553
147.669	688.3258237
147.6093333	79.12179447
147.5996667	334.9214928
147.50975	843.7354688
147.3443333	706.4178396
147.20525	57.58318941
147.199	10.48801513
147.07275	555.4920278
147.0035	191.7327403
146.847	277.6415504
146.807	8.365722806
146.71925	358.4667025
146.6705	232.3614934
146.5286667	173.2722132
146.47075	33.35168874
146.4483333	143.2200431
146.3685	101.3699691
146.3675	477.8878657
146.305	241.6442484
146.1548333	47.64465616
146.0485	49.59616172
145.9625	141.1375946
145.858	147.9682336
145.839	125.595324
145.774	49.47626309
145.698	44.88471898
145.5965	135.2636285
145.5887143	419.0251678
145.53	46.78399755
145.25475	21.54528713
145.19575	456.5438856
145.1246667	18.86166094
144.994	68.37171047
144.9456667	25.96371777
144.6666667	446.0085665
144.6	469.1828906
144.5526667	6.955673931
144.5496667	265.4768014
144.30525	106.5882785
144.11	125.4551189
143.7815	129.4239645
143.75275	4.531604523
143.625	244.0556616
143.4483333	40.00402761
143.4073333	98.46909783
143.379	601.1958027
143.3115	59.70514505
143.267	22.69949447
143.24725	109.2372363
143.179	50.76771684
143.14975	69.25814526
142.837	108.9797198
142.605	23.12747186
142.55625	59.41507652
142.26175	241.326092
142.231	355.2883272
142.2126667	105.8862479
142.1976667	224.730759
142.0206667	569.5226521
141.92725	27.57409979
141.9256667	113.3272488
141.82275	212.8849874
141.764	629.1202479
141.7483333	254.2332172
141.733	99.33193576
141.605	92.44394912
141.48425	40.34847467
141.284	60.63494366
141.227	52.70141805
141.12525	48.74501464
141.116	405.679571
140.8365	95.9667208
140.81525	324.9117533
140.7736667	935.505104
140.75925	133.2979198
140.51525	23.79057218
140.49525	14.17454551
140.4863333	104.570401
140.197	12.45955668
140.1	325.2292821
140.09875	2.884762317
140.045	14.42936574
139.9425	14.74780906
139.872	68.34670325
139.7773333	7.127397601
139.6285	393.9517693
139.367	198.2897242
139.293	94.92820747
139.166	231.2866236
139.162	211.6265482
139.01475	121.2576619
139.0103333	35.4461858
138.8165	72.86679368
138.7786667	43.26422673
138.7573333	20.81079808
138.7513333	9.361546674
138.6693333	565.7814714
138.61425	22.05578008
138.4715	11.43198413
138.4334286	231.9545846
138.40875	340.4790122
138.3585	91.27145421
138.2173333	2.842103713
138.1976667	20.43131696
138.0505	3.060593354
138.02175	33.5453022
137.921	158.2363446
137.776	619.8122169
137.758	66.0797091
137.7006667	41.08928333
137.635	357.4348862
137.402	48.02073761
137.3675	347.6157861
137.32525	90.64486458
137.2565	178.1231404
136.98	68.74945783
136.94425	1082.589633
136.81775	0.792184416
136.7735	195.4471947
136.7615	162.2090665
136.7496667	48.46970267
136.623	186.0696066
136.6075	50.34721509
136.4966667	164.6622923
136.445	274.4644561
136.384	59.73318238
136.25875	25.18272202
136.2026667	6.972392866
136.1686667	653.6194716
135.9923333	328.6057531
135.9483333	41.81476259
135.9356667	111.4793867
135.7765	13.12137316
135.668	4.94788399
135.41825	59.92606181
135.41425	12.50395473
135.4026667	1572.090718
135.25625	56.16032653
135.094	221.9662414
135.0883333	536.8813805
135.0026667	603.4067518
134.8193333	61.07136465
134.804	256.4372405
134.73975	135.6085991
134.7375	1021.472114
134.699	19.32642472
134.588	14.3185175
134.43625	42.50003293
134.431	668.4474951
134.2105	4.651920753
134.1981667	580.1615627
134.14175	127.7344451
134.11675	2.675640623
134.0944286	329.8862024
134.0575	22.50134341
134.0554286	3.360067163
134.03675	112.5858317
134.0286667	120.4931265
133.98575	110.86836
133.845	26.83641779
133.72825	582.7258726
133.517	6.461651733
133.5106667	119.7435261
133.4165	284.7277307
133.3615	119.5787737
133.216	189.3410186
133.16225	669.6441176
133.1285	182.3771471
132.6847	262.4433269
132.6825	91.0684615
132.62225	287.3513232
132.5348	117.3366838
132.5002857	9.251549598
132.4885	34.68435441
132.43275	20.49826663
132.4313	108.5924459
132.3975	657.2159466
132.388	177.8694673
132.3505	4.05612799
132.3485	115.6589724
132.3285	62.41091839
132.22575	572.4373954
132.109	29.91388949
132.0755	4.002968009
131.9185	25.05623618
131.8426667	119.7113472
131.8255	57.03507822
131.6215	29.14526415
131.5725	76.08404221
131.43625	59.91308479
131.385	3.389430683
131.31275	406.1210945
131.271	408.7512503
131.22125	439.3173022
131.135	128.1290251
131.1295	70.9520823
131.0705	130.8950419
130.96275	48.97066203
130.9235	36.03831709
130.91025	24.51064222
130.82	78.07320805
130.752	847.938534
130.7023333	246.4418687
130.4705	125.6223441
130.45625	235.6075644
130.4415	95.36479135
130.4095	683.0599893
130.3123333	122.0674199
130.2495	55.00349438
130.186	38.1425416
129.8413333	229.450336
129.712	118.6230132
129.6985	58.6317715
129.463	742.8926988
129.4611667	28.60420576
129.41125	333.2762538
129.281	5.023047008
129.206	23.01120524
129.19475	167.0795216
129.188	96.37396535
129.048	95.71088211
129.0445714	12.72878291
128.9876667	18.19375095
128.973	192.2891993
128.9581	418.8860182
128.9195	540.0652307
128.91225	395.8174509
128.9005	15.863281
128.8746667	618.0257989
128.853	89.59682014
128.84	46.34636047
128.8395	6.499894199
128.8186667	1228.330745
128.789	557.7367977
128.7665	216.8302805
128.6085	49.44790448
128.5835	403.702157
128.497	418.1002959
128.42325	28.14663393
128.393	8.596246713
128.3244286	28.62553107
128.25575	8.103712176
128.21	18.03974702
128.20525	100.5670879
128.15075	82.40365556
127.821	31.58019262
127.8085	75.82513698
127.7355	9.860112902
127.6496667	319.0287666
127.6253333	124.3252211
127.41775	73.04895594
127.3875	107.6327462
127.36625	15.88380675
127.29875	100.8031143
127.229	238.1913619
126.99975	107.3436069
126.80075	15.45485249
126.5165	22.74677254
126.488	5.379793337
126.125	22.17531661
125.898	287.9324049
125.85225	129.0159183
125.7725	12.99272899
125.681	67.09503296
125.51	17.11735467
125.488	16.83126129
125.4395	1244.920415
125.43125	315.7513483
125.4275	28.32707751
125.4235714	73.84275588
125.4058333	111.8805244
124.8706667	197.668167
124.80475	26.35062206
124.7088571	89.08978757
124.446	421.1643523
124.4116667	284.8035889
124.3858571	122.4025982
124.32475	516.2813863
124.045	487.3552974
124.023	7.918842142
124.01225	71.10486208
123.85	72.48736645
123.642	262.5897962
123.6166667	217.1054601
123.578	20.55309098
123.4846667	244.9906045
123.4575	81.07556873
123.295	41.52329397
123.035	283.8724621
122.94475	0.513630341
122.6915	47.63722449
122.682	51.16103286
122.5436667	91.2670598
122.4725714	326.7486887
122.25	15.33049464
122.22675	20.2506908
122.161	955.2860137
122.074	1.072371422
122.016	622.693357
121.9231667	12.37228112
121.892	78.61390885
121.7875	87.73917552
121.7153	36.02569288
121.3565	212.6138292
121.1485	1418.199826
121.0366	8.595275657
120.99525	136.4419838
120.89725	10.51887881
120.8834286	256.0124548
120.753	27.33059911
120.6915	0.794095362
120.67425	94.26505347
120.38225	12.56701305
120.3488	837.3906325
120.2972857	25.10042604
120.0361429	111.3848637
119.9305	616.5873024
119.9255	61.14364941
119.903	126.6981327
119.8303333	33.66640689
119.58325	285.0970082
119.52475	345.0809057
119.3728333	330.608184
119.3355	154.2643388
119.3256667	284.9601699
119.224	17.61285684
119.2106667	732.7545014
119.19	18.06472137
119.1771667	129.4786459
119.1705	91.41085515
119.1555	264.0631111
119.0066286	32.48023325
119.004	83.010346
118.96175	607.3528358
118.85425	153.6761491
118.782	30.34599089
118.5047143	6.23167861
118.5043333	14.2544489
118.4498333	82.81387388
118.4275	200.6650644
118.33875	10.75127139
118.087	106.6703959
118.03325	120.9251503
118.0003333	66.95627684
117.893	195.93335
117.69	62.06033827
117.68	17.19364357
117.6005714	155.8561677
117.5938333	11.03803493
117.558	28.13242246
117.5308333	28.44124725
117.4912857	54.49345631
117.48175	84.84154387
117.3945	36.33693259
117.371	263.9853322
117.3515	373.3962038
116.78125	137.5529432
116.7593333	24.68363283
116.7097143	19.43504961
116.684	79.80584188
116.5925	85.2614048
116.59	67.98124604
116.5793333	45.08080494
116.5696667	78.75658254
116.5223333	292.4258478
116.4753333	2.524290958
116.43	8.155851396
116.3625	130.8188339
116.2727143	770.4264059
116.2607143	22.77768157
116.1793333	127.538432
116.1755	28.56077652
116.15675	171.7779243
116.1455	470.6072394
116.1125	260.0871121
115.91875	7.68430392
115.84825	52.0438967
115.7735	80.37963772
115.71075	7.163963922
115.618	37.32347055
115.5805	46.50448844
115.4187143	495.2756758
115.359	41.36005593
115.3133333	74.00689073
115.2762857	18.51993437
115.254	63.49987182
115.096	2.399143626
115.05775	41.44549627
114.962	482.6238556
114.961	852.6825494
114.9518571	65.37249835
114.89725	35.93141104
114.8635	27.06629514
114.8355	424.5193165
114.79625	29.82005925
114.7536667	3.157912452
114.7446667	198.6574316
114.644	201.0414147
114.5121667	45.02562625
114.4805	142.5556581
114.40575	32.72755276
114.3095	31.14398788
114.30075	21.34411645
114.2825	17.83532601
114.26175	213.7681726
114.1993333	421.1971892
114.1463333	271.0670002
113.8526667	48.21239195
113.4473333	553.4451897
113.4418333	178.6165535
113.4005	581.1518828
113.2714286	30.24046933
113.20025	14.31646172
113.143	446.4753318
112.64725	29.40588129
112.6236667	26.54466261
112.35425	7.84179514
112.34	344.3910469
112.3205	364.6585598
112.3125	17.81104406
112.28125	0.953159257
112.18925	424.5323517
112.1631667	200.2979431
112.0791667	115.8762384
112.0265	36.95250967
112.0165	182.9800061
111.90175	11.27020489
111.6562857	556.7382312
111.6455	179.0115383
111.64085	100.9368577
111.6253333	91.56792987
111.6195	531.7563472
111.563	0.407785175
111.43425	69.80135592
111.257	16.74222876
111.216	24.76879509
111.187	3.942966589
111.1246667	27.40337201
111.0603333	1013.180098
111.04525	106.9721667
110.9775	87.00656184
110.8309667	49.96552986
110.6117167	36.36445931
110.4375	0.789552726
110.3665	271.1206549
110.207	38.91841454
110.17725	76.47404653
110.1046667	198.4541006
110.03355	288.8439187
109.987	19.64062881
109.909	940.9569909
109.7815	49.59282515
109.7383333	18.40179104
109.717	274.295309
109.6058429	18.85796603
109.58425	382.9960361
109.46675	30.14054446
109.43475	127.8211083
109.28475	56.95102733
109.231	16.20691441
109.0815	27.18304581
109.0196667	179.5203253
108.9595	214.2747053
108.83575	37.87247402
108.71	178.7158415
108.7015	184.2037472
108.5645	11.47000683
108.491	30.80440495
108.3299	429.5458504
108.283	683.9026198
108.1477	174.1124496
108.1406667	102.1847027
108.11275	10.81411362
107.951	210.9505857
107.8055	2.33504432
107.7576667	157.9025474
107.7206667	4.515017377
107.696	638.114891
107.47845	430.3103589
107.44075	158.8476308
107.38525	18.98969197
107.36635	19.95016841
107.1235	49.48322108
106.9673333	57.33160433
106.84425	1.632851765
106.834175	19.75753914
106.82405	216.948454
106.629	133.63984
106.619	93.00582795
106.525	3.327107097
106.4837333	353.9373684
106.40075	50.25874197
106.3526	79.96564694
106.28275	3.862833465
106.1521429	586.3497129
106.122	82.70382744
106.0355	252.9726795
106.025	152.45509
105.9592143	140.2936922
105.8367	272.4156311
105.729	33.6164582
105.72033	23.04799451
105.61052	16.51252765
105.5648333	10.51708597
105.5055	43.44459402
105.4519	56.85125827
105.3769	88.4247094
105.315775	19.92644674
105.10595	36.5581835
105.1042	12.07007714
104.9488	37.84759079
104.9186	12.53016758
104.8055	401.9593994
104.775	381.28805
104.69247	373.2944612
104.613925	747.8544951
104.5256	16.73962606
104.3795	112.3326689
104.28375	8.340658103
104.2127571	22.94442158
104.1486667	42.50638399
104.1453333	106.735463
104.05325	105.4738585
104.0523333	124.6763508
103.9351	62.10027845
103.5477333	279.1987907
103.543075	123.2500616
103.5420667	26.96468288
103.52695	14.83301505
103.440325	21.62655018
103.39785	18.53173806
103.2600714	256.9961101
103.2380667	83.94040041
103.2266429	2.759046751
103.14255	307.259093
103.0103333	25.66099905
102.9755	29.29314562
102.957225	74.47628198
102.858675	367.2643036
102.8512429	114.058512
102.8388167	159.6947773
102.617	159.4980386
102.613025	56.23988868
102.5706667	715.6225629
102.55305	7.49380578
102.45236	62.96246272
102.044075	26.28827878
101.8973	2.654805867
101.6272714	372.319533
101.45885	344.0770518
101.3313	31.41868566
101.295775	6.414334418
101.0921	87.7302869
101.0607143	94.2815484
100.9096	430.270594
100.8288	164.2627589
100.791325	6.959293358
100.767225	9.590619288
100.6359167	18.02183013
100.30175	18.91427883
100.23075	21.5767222
100.163275	160.6573271
100.07682	8.482632819
99.993075	10.92366792
99.93621667	20.29096022
99.81613333	18.55873167
99.8046	45.21384875
99.70705	88.91130948
99.64878333	137.7220831
99.6098	416.4679489
99.5975	30.75973207
99.58101667	33.18093815
99.50733333	91.79273257
99.469025	218.7255771
99.2712	40.34689158
99.22553333	440.2526734
98.91123333	2.532630982
98.80493333	388.8447632
98.73352	41.73696507
98.71401667	87.59482089
98.57418571	39.66247723
98.515275	43.47618344
98.50986667	415.829522
98.32196	84.74894469
98.31357143	28.3736678
98.26905	34.82198333
98.165275	29.4905741
98.1651	81.15571522
98.10686667	22.93625731
98.01732	45.19343099
98.010425	10.63447975
98.00935	9.712373513
98.00355	4.773244017
97.996825	234.3743589
97.8736	29.30283365
97.86514286	16.7186473
97.61055	18.92350226
97.50845	16.08889466
97.41475714	22.03378389
97.29471429	65.34489905
97.26103333	18.25549596
97.202775	40.95049931
97.11614	177.6964676
97.0139	54.33650777
96.97947143	35.75046481
96.955125	24.16199033
96.8498	101.6959617
96.62576667	186.1877183
96.57355	623.7900005
96.40521	66.05142426
96.23683333	25.56035229
96.23346667	55.30197851
96.14311667	11.78840283
95.98973333	56.80040032
95.88841667	132.002872
95.87001667	37.14299551
95.74175	14.17671735
95.6286	30.75188063
95.598475	131.7660829
95.571775	18.01557426
95.4619	293.9372446
95.43475	303.2218514
95.427025	46.73142733
95.41944286	241.1308453
95.41317143	426.5501397
95.381675	27.66511535
95.321	18.14283033
95.1297	65.10201336
95.094	13.09484227
95.0862	147.0674736
95.02423333	302.8775951
94.95508333	175.7150373
94.72585	414.4097419
94.4863	98.91796092
94.362825	688.178857
94.33278333	190.2783256
94.3302	412.5992184
94.2507	121.7011705
94.17565	62.89514413
93.8297	171.4945791
93.74853333	483.9122159
93.62688333	75.54957431
93.54365	189.4442479
93.41162857	109.4761692
93.32251667	588.7272421
93.29381429	67.88576621
93.292075	27.93434011
93.2735	32.06698578
93.153175	391.7086666
93.13398571	70.14119402
92.9632	72.3199127
92.85096667	35.69406093
92.79456667	96.23547778
92.78324	96.96291921
92.75801429	190.0996863
92.5678	2.110866281
92.322475	15.5434638
92.02255714	249.8581052
92.014525	313.4292552
92.009425	49.13601519
91.93196667	6.712686283
91.911425	32.39807293
91.9027	22.89059628
91.773825	214.0762302
91.610425	3.814927632
91.547125	27.85232347
91.40368571	76.86372305
91.1741	89.78003394
91.01935	37.57452257
90.98613333	109.4685598
90.936225	122.7532074
90.853725	12.9669514
90.7633	457.7532084
90.65977	104.9436293
90.473375	169.9218905
90.254625	360.7174076
90.19217143	25.04596068
90.146575	50.33368088
90.127575	3.628789123
90.12645	106.8309857
90.11451667	9.063405237
90.08885	33.34842189
90.000375	108.4934331
89.79436667	99.26826808
89.74798333	9.582604506
89.1473	357.9983657
88.98368333	7.348853656
88.94138571	581.8098171
88.766625	17.96985226
88.73285	17.71544446
88.67955	45.77505963
88.53998571	42.09986558
88.1873	40.07427214
88.11085	299.2341138
88.0161	323.7480539
87.99142857	112.9023557
87.9574	582.5058601
87.908975	33.81692748
87.89588333	196.6135464
87.6515	17.19089443
87.59711	312.2804388
87.5433	230.5699271
87.51445	144.789876
87.40755	21.4200622
87.38856	241.4625347
87.31651	46.40523165
87.183875	146.5222243
87.17132857	73.94141549
87.11845	19.47321163
87.04655	18.54462268
87.04211667	51.85390272
87.03497143	571.1414398
86.96477857	46.63333344
86.8744	114.7229433
86.80967143	74.67584457
86.7215	21.27495326
86.5881	27.87457192
86.579525	46.09905064
86.55405	23.28174285
86.172625	441.8822112
86.11292857	112.7658586
86.10238333	3.905128789
85.92451667	121.4357785
85.87827143	45.06546534
85.83058333	103.8648099
85.66921667	13.28641982
85.66545	364.719364
85.61885	18.74298921
85.53173571	61.64548778
85.50999	76.46204185
85.30151429	77.23813806
85.085625	8.428145807
84.97935	420.9201094
84.90495	94.11445719
84.8241	96.52888394
84.676175	127.0323054
84.588825	44.7830697
84.537825	222.366308
84.53235	92.64855234
84.40541	8.574699176
84.34408571	5.015051195
84.33555	447.8696807
84.32711	44.52501787
84.30734286	26.45616969
84.28895	25.4930782
84.275625	3.126883475
84.01587143	66.54735539
83.97725	11.93794933
83.85295	455.1626874
83.80315	176.5963423
83.76620714	13.37323588
83.68505	26.50465512
83.6374	48.10008555
83.52127143	52.52244276
83.517775	52.99298424
83.47656667	12.84092952
83.456575	51.3447566
83.44276667	2.877092172
83.36323333	235.8969586
83.334	8.172353574
83.250625	11.08187144
83.23027143	58.75253393
83.16573333	5.561696554
83.05431429	23.1962879
82.99937	124.2759802
82.84958571	47.14666785
82.78965714	83.13763842
82.71545	41.11301366
82.56773333	155.7845155
82.532275	27.66873416
82.51168571	227.5710541
82.488275	128.0616142
82.4623	314.7671006
82.43593333	3.498240857
82.38775	81.5188264
82.245875	106.8357782
82.22156	245.0329459
82.19362857	24.86174007
82.18631429	79.55933106
82.15644286	161.7552643
82.14211667	7.896695682
82.02621429	16.35757647
81.95164	38.76140041
81.922325	193.1127857
81.85995	113.0314712
81.76634	335.3730687
81.604175	40.81671641
81.57065	137.8592929
81.413575	2.476975978
81.2663	29.00721901
81.164725	100.7117254
81.115	2.426397913
81.11085	17.41377088
81.0128	37.31613015
80.92958333	27.21102475
80.92437143	47.03980602
80.599	23.36017303
80.5376	166.7465757
80.18136667	81.91193549
80.10165	7.702859825
80.07373	6.077068118
80.02247	151.896178
79.94065	27.55766217
79.84781429	4.117633224
79.59488571	91.45495479
79.54219	328.2438952
79.44086667	53.82171349
79.43569	160.1243184
79.433525	259.9952821
79.37811	242.8506953
79.36704286	65.42480349
79.35307857	178.7586199
79.32485	6.371441758
79.27715	306.2368728
79.2734	13.46825247
79.07244	31.57322442
79.04007143	21.26800624
78.737	28.17598808
78.66855	290.2926505
78.587	146.4579135
78.57805	23.74953265
78.5284	27.34286358
78.47586	11.93409534
78.41391667	16.81855225
78.39638571	11.9019534
78.38784	121.3861712
78.220275	19.01926058
78.167125	12.03791543
78.07645	128.8414494
78.0394	30.35079423
78.0184	8.088000284
78.01555	103.8988322
77.99455	8.15332066
77.82605714	14.28439468
77.69868333	1.171995674
77.5748	245.5413221
77.47795	31.90208457
77.43112857	95.21945641
77.30187	50.57067592
77.22485714	43.79987904
76.91763333	49.95119518
76.84527143	42.47988673
76.68872857	123.2251966
76.65718571	43.09251918
76.52961	44.62604834
76.526325	9.962155244
76.46386667	227.6236341
76.38924286	141.1141303
76.03003333	16.9443774
76.01199	105.7286201
75.96864	59.32662095
75.78983	306.6953782
75.69535	88.40894932
75.662725	57.84974539
75.62542857	50.61010448
75.5257	33.19959969
75.50485	162.9740614
75.48525	128.3894337
75.44223333	394.005187
75.28803333	25.92645517
75.18552	44.41818661
75.137375	316.4310932
75.0638	0.748433776
75.03026	31.25058226
75.02515	149.6147787
74.97239	23.65754114
74.96707	14.95042749
74.751525	216.6211675
74.715875	342.5573877
74.70649286	66.77541245
74.5505	53.78260476
74.378925	54.29749221
74.355825	127.0481928
74.17175714	19.37348144
74.16665714	522.25901
74.03234286	144.3655641
73.8593	68.59771257
73.7352	8.802366087
73.57785	70.05196284
73.47036667	2.51107534
73.42292857	35.64512336
73.39975714	89.3417518
73.34826	12.44686506
73.26648333	44.61178035
73.19014286	26.9338006
73.17547143	60.08351733
73.1508	70.92736269
73.1404	129.8772107
73.08305	38.03921214
73.03595	86.37223617
72.993175	380.3231849
72.94877143	36.75227764
72.85131667	23.69818191
72.8051	6.224686037
72.7882	213.8451226
72.746125	43.76678614
72.646325	326.9840116
72.36711429	8.760674026
72.24508571	88.09881439
72.18918333	11.51851981
72.1867	35.94001512
72.145075	3.796930247
72.11248333	327.8524098
72.08135714	107.3229174
72.01645	133.8539796
71.9181	273.8550425
71.68173333	59.81299047
71.6651	24.78222685
71.60121429	17.05872582
71.51813333	98.20061594
71.502475	128.893851
71.405675	144.3269094
71.10491667	73.23734767
71.06178333	21.84209106
71.05290714	155.433352
70.92625	15.80440714
70.64497143	159.9958965
70.58854286	88.02987801
70.51752143	13.99444681
70.4736	8.378437948
70.45835	6.577513768
70.42798	107.3244567
70.3258	103.2874828
70.3228	5.161553601
70.21832857	162.1807025
70.19907143	54.34163637
70.05676667	5.664051143
69.95054	128.4317385
69.9414	69.69941107
69.93863333	8.547979202
69.90883333	38.01820655
69.85694286	334.3800666
69.597525	89.36736628
69.57808571	35.60623457
69.36275	143.239594
69.27438	54.35954071
69.1287	3.822354921
68.88405	113.6201308
68.81798333	31.16412586
68.79786429	370.3557445
68.67067143	45.30727216
68.6591	19.56669986
68.59304	122.2872209
68.4735	597.2293479
68.3479	3.939965838
68.26446667	210.3178614
68.23258333	413.4760702
68.150475	152.5539944
68.031825	161.9977975
67.92614286	79.10760966
67.90057143	123.2048266
67.85265714	4.249854258
67.79492857	157.5472429
67.78895714	27.93378334
67.759	23.64622939
67.747625	20.27670785
67.662	64.65453137
67.639525	24.27169854
67.532975	173.0240127
67.52626667	51.00232309
67.40845	71.71300275
67.29355	71.76817271
67.27626	69.27509049
67.18661	85.64788372
67.16848	263.8717336
67.13435	46.94863953
67.08135714	25.17014703
67.05889	120.7771268
66.94534	279.4895601
66.8158	40.32717011
66.71335714	35.14521564
66.625075	292.1825305
66.61735	8.267352747
66.58192857	28.45449818
66.58065	44.57687056
66.46103571	12.65957288
66.40935	312.0572611
66.33152857	101.3758331
66.32742	81.21432696
66.31987	111.2882769
66.29997143	226.7840887
66.2659	51.16544266
66.23908	72.21767501
66.229775	224.3312252
65.83314286	54.83728067
65.58144	65.42654701
65.35831429	144.7350662
65.29903571	152.9553797
65.29119	29.42415164
65.28547143	58.31378093
65.23128571	23.41407056
65.10797143	2.698468423
65.040125	54.42329055
64.946	26.00030334
64.93255714	45.09339611
64.88621	20.14362527
64.77308333	25.52274279
64.76486875	51.81865425
64.65599286	198.2947725
64.50985	99.48339389
64.478075	184.6840476
64.42938571	9.973878398
64.40836667	18.22478433
64.35499286	12.63767194
64.0216	144.1058792
63.901325	66.98245275
63.65438	86.79878278
63.60318571	27.68976246
63.59973	18.5170643
63.5156	18.59183864
63.31035714	255.5614116
63.24076	120.6973644
63.00925	7.094273189
62.96108333	44.44097226
62.94472	11.01943804
62.87017143	23.84858137
62.84189286	195.6385799
62.6123	7.054657672
62.46138	33.15845973
62.44428571	23.71183528
62.404125	2.019379488
62.34383	36.1320538
62.30244286	76.72504354
62.259225	95.90202837
62.16463333	16.01329221
62.07796667	30.15958459
61.92282	59.35421402
61.7441	4.448477614
61.59683333	8.418937854
61.56807143	2.630890247
61.46821429	93.0580687
61.20187143	66.25264253
61.15351667	35.73581809
61.01807143	277.9651091
60.92159286	23.53812355
60.89135	12.34268955
60.81517857	28.85226468
60.75955714	25.11590089
60.73227143	216.8361513
60.56518571	11.03241604
60.50623571	169.2395283
60.45028	219.4437679
60.42832	17.00279244
60.42651667	92.35753022
60.33515	17.97095046
60.2744	4.976329429
60.26851429	47.85018435
60.06222857	25.22830359
60.00428	12.41578238
59.83559	25.0961218
59.79896667	0.992293938
59.73505714	5.479316949
59.63188571	171.319365
59.59761429	21.86001697
59.58911	10.06399443
59.3254	15.88158673
59.2794	2.777911791
59.26193	17.02668426
59.05461667	88.28634691
59.00874	93.13997261
58.81603	21.22958825
58.788375	14.17806088
58.76731429	44.02043783
58.75424	82.01476024
58.70947143	315.831161
58.50585714	2.284343619
58.25815714	7.648193449
58.02576	18.02109564
57.91855	107.933581
57.8366	64.3949362
57.81396429	150.770677
57.7596	212.7579779
57.63767143	27.86109806
57.61804	17.7802756
57.53199	158.3711456
57.43506	40.79006882
57.42253571	32.20602476
57.27554	50.99050135
57.2376	27.13330145
57.19545	47.8588818
57.0862	18.37848852
56.94038333	109.8665128
56.87505	100.194711
56.86421429	105.6661221
56.84253	27.97440545
56.81605714	41.86066714
56.757975	114.2121139
56.72672857	63.99256236
56.6311	11.25712913
56.58474286	42.77098963
56.57215714	34.58125531
56.54786	85.39201983
56.33514	32.63230347
56.26935714	5.002880315
56.25883333	471.7351404
56.20012143	50.14436923
56.15688571	157.5601857
56.15256429	85.64346801
55.89344	7.660389744
55.87542143	31.58537761
55.80098	26.31486782
55.7698	305.9305525
55.63204	132.6560859
55.59834	68.77059198
55.54115	497.3776903
55.47302143	249.1250311
55.45932857	5.688929224
55.40619286	28.66764917
55.26422	6.599776066
55.2611	21.1974783
55.22971667	83.60303082
55.08822	235.3015371
54.80327	52.59131631
54.80035714	18.13108572
54.72860714	184.9986916
54.69171429	29.69199021
54.33135714	393.5352636
54.15723	180.5935594
54.11215	44.53310297
53.99628333	588.0527104
53.94759	3.533229398
53.93776667	138.09066
53.862	339.888132
53.8421	157.6153534
53.70445714	141.7352127
53.64096429	9.021324043
53.51228	70.9934419
53.2562	2.138519192
53.23075714	29.32532256
53.20526429	24.38928014
53.09362	35.80973781
53	77.10310887
52.94356	19.7015984
52.90049	86.88610404
52.89862	86.13859235
52.88134286	6.228031302
52.85138	174.381479
52.73262	118.4785129
52.73039375	23.82497278
52.62098571	26.64678793
52.56895	9.442326689
52.54271667	28.36691683
52.48545	63.69089658
52.40557143	701.0022038
52.33147143	81.02580684
52.31472	132.1610448
52.2309	391.9389417
52.17416	17.06870004
52.14164286	42.584996
51.84367143	26.85486601
51.732	144.5921812
51.70685714	25.91145331
51.66492857	25.56208189
51.62432143	20.70331408
51.50014286	9.919808131
51.46842857	197.364047
51.46661667	26.69072179
51.34517	25.62908229
51.15670714	14.69814219
51.06316	3.551559777
51.04016	265.175124
51.007075	12.10374181
50.91007	91.30361084
50.88406429	202.6413057
50.84911667	98.5882177
50.44596667	75.84406579
50.15576429	26.45433634
49.7574	47.27782068
49.69275	201.9030605
49.53088571	25.91925683
49.34635	18.17123709
49.33905	66.80422961
49.32198571	37.25149877
49.31491	36.9059068
49.2727	185.9740629
49.19644	63.00220018
49.18810714	27.93884075
49.12635714	55.63747956
49.02285	18.8193132
48.9939	10.958712
48.9862	119.2737119
48.9753	49.03617299
48.9508625	117.6093749
48.92666	24.9617685
48.82786429	8.408437646
48.65045714	3.369382002
48.45421	121.9267684
48.24681	4.491416876
48.23114286	108.8932531
48.20856	20.9088766
48.16364	67.7522981
47.94066	44.02565449
47.86143333	53.77182167
47.83324286	23.53874658
47.83142	54.03719074
47.82925714	1.659481438
47.7316	7.107738064
47.69841563	26.04725212
47.48715714	13.05336609
47.44554688	33.30158493
47.29570714	41.6167964
47.23911	125.9217342
47.23594	8.035787258
47.174175	121.8299481
46.94375	59.25338091
46.90422143	426.0124527
46.77442857	18.92528875
46.68051429	33.919919
46.67815	39.20276482
46.49552143	29.61828686
46.45512857	113.8486368
46.44648571	23.34339761
46.39896667	226.2949467
46.39578571	16.40344552
46.27977857	27.21040599
46.2709	79.31429957
46.26212857	20.58362582
45.99167143	296.6960902
45.85511	25.80937437
45.80549	128.9622415
45.71389	6.582494836
45.57186429	137.4342837
45.54582	96.46897316
45.54317143	90.05930199
45.51312143	9.170212116
45.406	145.8261395
45.39321	22.71386483
45.3889	99.08610585
45.3497	70.06832426
45.34694286	41.66890472
45.15288571	95.96651321
45.11822813	49.30906306
45.01620714	21.42768391
44.89611429	161.6977749
44.87728	55.88750259
44.79931429	21.26352508
44.74656563	73.28423801
44.71386429	19.08633034
44.54627	51.88407905
44.21155313	36.25438995
44.1283	13.6664556
44.0945	9.548082267
44.05964286	25.39045561
44.03679286	38.61808609
43.80984688	43.06144015
43.73735	21.80156365
43.71952	134.0914213
43.4576	13.43856477
43.38329375	35.90717701
43.36038571	87.05485755
43.28607	47.91773612
42.88459	13.31836929
42.77437143	156.423578
42.66819286	7.450499259
42.51071	15.95476971
42.49733	14.77165252
42.32788333	213.6262405
42.25317143	1.225843738
42.18599286	6.123236014
42.02494688	38.51674497
41.97791563	55.2436196
41.96903125	73.7302984
41.80796	91.40445183
41.42189286	54.45469265
41.39714286	25.24458655
41.38711875	257.5936403
41.35193	6.123273262
41.34325714	132.5218516
41.21854	41.20395225
40.96267143	21.46299365
40.90583571	38.73327708
40.79962857	15.42023981
40.73034286	28.954538
40.72867	118.0264502
40.72071	33.49302332
40.68794286	27.53810858
40.634875	35.20168381
40.61165714	12.91951694
40.59438571	25.32563792
40.46622857	21.56423667
40.44802	10.11910107
40.41216	2.093568154
40.36148438	22.03996406
40.34341563	173.1375946
40.27172143	18.15169608
40.2697	86.07847955
40.19252143	33.17256752
40.14631	43.70470349
40.13813571	140.7269548
40.11328571	34.63729873
39.89922813	19.73248305
39.84482	17.05714198
39.83203	29.91949861
39.71457143	20.87081965
39.58483	17.94796916
39.5295	15.39488752
39.49872143	10.10223612
39.41781	15.91112289
39.28943571	29.87242527
39.26985	116.7396573
39.1308	13.73282881
38.97260625	82.83937387
38.89733571	13.15073816
38.79625714	76.33151729
38.77134286	109.6856622
38.73727857	24.61151858
38.65491875	40.16709295
38.63323	102.0342544
38.58395	497.4961067
38.56215	160.8861446
38.55442857	24.00992157
38.4642875	8.588174806
38.29468	30.93731041
38.2588125	55.91331084
38.22180714	8.017984389
38.07409	19.38124738
38.02949	9.245632899
38.02307	194.8687698
38.01111875	31.3380037
37.80086429	17.59929292
37.66812143	56.23662404
37.57721429	18.6445778
37.45661429	123.3419113
37.34289286	19.25584716
37.04102857	64.43032431
36.93944286	66.40779386
36.91365	21.40211391
36.77477	537.4046697
36.73642188	42.74076569
36.69466	26.80971601
36.65317857	225.6647376
36.63835938	12.67989104
36.38981	14.66465941
36.38537857	15.08910105
36.30381	153.1438637
36.29202857	14.170094
36.24017857	80.38342598
36.11369286	22.41016289
36.07841429	22.25352786
35.99645714	223.0212645
35.94465	20.93815384
35.79294286	21.72729784
35.78207143	8.858985972
35.67217143	115.7267944
35.65069375	15.10149015
35.4756	55.33812164
35.3831125	181.3542448
35.3477	90.64710101
35.13037813	69.80404465
35.12248125	18.0869304
35.01158571	9.894846402
34.97405938	92.70929498
34.87085714	13.82211555
34.73441429	76.30304725
34.659125	65.463353
34.57037	41.83997071
34.47577188	38.17637459
34.39151429	10.14096574
34.29288438	17.14719642
34.29093571	173.9810744
34.18729063	29.21216931
34.13298125	50.81722256
33.98099286	101.9111681
33.97141563	108.2052397
33.855725	86.82242037
33.78325	139.7293896
33.73400714	22.65376748
33.60235	21.15280825
33.35771429	47.84054982
33.342225	171.5965426
33.27571	127.4510496
33.0565625	90.68465322
33.04805714	14.93551373
33.02851429	15.2343214
33.01778571	20.3584805
33.01174286	98.62120049
32.97729688	45.84060802
32.83202143	9.051803149
32.73231	17.04357337
32.60329286	53.79191509
32.58461429	21.50582426
32.56149286	8.907911235
32.55698125	25.98101532
32.52523125	103.1311419
32.5178	222.437995
32.42112188	62.12051692
32.35795	95.4984343
32.2688	214.0759939
32.24455	26.41968896
32.06454286	158.5226249
31.95333571	81.92278003
31.94994	54.08545009
31.92559	13.17898505
31.90060714	54.02211557
31.84532188	15.82140698
31.80064063	173.2441505
31.65034286	32.09407464
31.576025	32.24077413
31.49483571	11.73310089
31.44438438	34.74267629
31.28150714	60.13142011
31.14127813	125.722971
31.13516429	61.01244448
31.10641429	5.722795603
31.06597143	10.18692556
31.06361563	58.90631493
31.05119688	47.09456699
31.04369063	73.84044559
31.02242857	20.12728918
30.94070313	20.60839893
30.86614375	44.8470458
30.5351375	55.06322578
30.52366875	12.34748167
30.46911429	13.73176
30.44229375	12.51105389
30.41509286	194.5282005
30.35664688	49.31034446
30.29543125	68.37603
30.15972	398.1102942
30.06496429	33.32553626
29.95547143	27.91682877
29.89662143	13.07446479
29.846	6.24024475
29.81554375	81.33060984
29.75151429	16.73842284
29.66345714	53.64415451
29.61157188	38.68381575
29.43901429	5.578293588
29.19218438	42.08435901
29.1248	38.90426527
29.10557143	12.62607107
28.9989125	61.66807455
28.93377	90.08876025
28.78750313	8.192031028
28.73875714	31.10311147
28.73734688	110.6731025
28.6888375	21.06152134
28.61178125	59.77139125
28.46126429	57.20698166
28.3645	186.4438989
28.268	33.6917632
28.13182	26.03093813
28.08345	17.41291114
28.07735313	25.27754086
27.91449688	105.1862001
27.8433125	23.92792985
27.57198125	31.15442674
27.53986429	55.20793497
27.49428571	11.03037577
27.4192	44.30699176
27.40524286	14.54672433
27.29644688	87.5289353
27.26679286	31.03081218
27.25222857	13.05226243
27.10277857	24.38391375
27.06410625	15.80392674
27.0178	12.95193608
27.00954286	9.466190768
26.95815938	16.88492225
26.89488333	80.14922981
26.78996875	21.95189415
26.76621875	69.2330763
26.73415	83.60372425
26.70213125	26.36263612
26.63755625	19.30937121
26.60170313	50.52584191
26.5945	7.882908677
26.55151844	30.47497613
26.49513125	43.59758314
26.46703438	28.3429096
26.33743125	15.97645414
26.33406429	23.72588058
26.29729286	43.19074409
26.15175938	32.19550073
26.11449563	63.28262654
26.0961	25.41704643
25.97966563	39.27297843
25.96655625	34.82093835
25.93653571	18.54991351
25.91101429	9.762500562
25.82503438	28.77233632
25.78269688	24.64984521
25.77888	139.3804101
25.76321875	18.0749198
25.67721563	9.214545739
25.6664625	27.02058175
25.54564375	43.34878697
25.42764286	76.94268153
25.15093125	10.23824442
25.02786875	40.06966419
25.02292625	29.22347329
24.96407	28.49392873
24.94924375	11.3632789
24.9113125	34.98071443
24.88960938	30.95450854
24.73767188	15.98702619
24.63990313	26.67560156
24.58193571	19.78370621
24.48178571	29.05284348
24.37318125	21.20025685
24.33680938	44.63340239
24.23527813	8.616068953
24.14981563	22.97763062
24.10749375	35.53022301
24.032625	12.86506216
24.0287875	17.43975164
23.7886375	61.69739331
23.4454375	8.038157817
23.24450938	11.74753844
23.18576563	78.69938611
23.17320625	12.61491134
23.08402857	208.7191593
23.07922188	12.07731824
23.02904375	9.47705534
22.90401875	10.31861796
22.8527875	26.37499565
22.843225	8.981295336
22.76525313	14.54637288
22.65835714	17.59357017
22.49569375	97.77461543
22.48645313	6.704103686
22.38732813	40.47746759
22.36965625	22.56128089
22.07324438	24.76021463
22.06370313	34.47077081
21.89074375	8.300847119
21.88479375	42.89616477
21.85770313	41.14704391
21.79910625	44.50729593
21.57646875	26.11247676
21.4198375	51.52017448
21.41856875	39.97277779
21.378725	18.87583265
21.3486375	11.93024641
21.25697188	12.17862307
21.18586219	53.62189249
21.15267188	8.583484194
21.13215031	56.22519331
21.10431563	20.69994776
21.09465	14.84040696
21.08746969	12.09199571
21.0404375	11.0058003
20.9945	16.78312506
20.93805625	34.82192253
20.90699125	17.22580305
20.89671429	26.74965691
20.84822781	36.31218427
20.79364286	12.73353986
20.69993125	22.27339704
20.65058571	194.9702632
20.59363125	16.29543927
20.59205714	37.18096922
20.51831875	15.07096745
20.37951563	42.43959692
20.35894219	15.16927288
20.34196875	11.6203265
20.32905938	38.63420772
20.3042375	3.767062448
20.28078438	36.44846341
20.16171875	29.76219499
20.13832813	15.92248453
20.08245438	42.95870472
20.05369375	22.43952374
20.00255625	41.21290885
19.98159286	123.5687839
19.90980313	36.11180935
19.88212813	16.9774168
19.73740938	61.17185996
19.63421875	17.4915794
19.5644125	15.97129504
19.55090625	5.777898931
19.53731875	18.80616621
19.52681875	15.8200025
19.5233125	55.90372796
19.36088571	9.245777908
19.26583438	15.36069716
19.22659063	14.1330121
19.03144719	25.42804092
18.83809063	7.344207438
18.83218094	64.21052056
18.77888125	22.9197432
18.70015625	12.67653459
18.69243438	37.28034346
18.63251875	14.08623283
18.61840429	78.54662031
18.57503281	21.92728035
18.54045938	90.83130741
18.51964969	75.42073306
18.45144469	38.65470364
18.44010625	19.19555507
18.40192813	21.02172746
18.38410313	68.13587719
18.33296219	10.89914154
18.32510219	39.36755634
18.30944	51.21019724
18.30436875	13.11997141
18.23089156	43.42646756
18.18185625	43.7045246
18.16287438	15.77981252
18.04303438	13.35438616
17.99957813	63.97257731
17.9316125	7.211601044
17.92065938	74.50889445
17.91137813	32.88797963
17.91020938	24.59726682
17.81711429	11.3764756
17.69907813	18.08186359
17.62585219	24.89389968
17.59446844	30.16878107
17.59275219	52.44583794
17.58352813	16.00879198
17.54343438	34.52844125
17.38390375	45.78007386
17.236225	22.20789165
17.15641125	19.19375854
17.14054375	15.3306985
17.03174688	19.20511039
17.02822188	6.909316597
17.02238031	7.662786529
16.98982438	15.5916637
16.98905313	16.866987
16.97558313	6.910006168
16.93525625	12.276012
16.90036563	38.21501678
16.61866563	22.41897948
16.52057188	12.08769756
16.51687813	9.517264438
16.37689656	11.91843615
16.31746875	7.433180092
16.22162188	37.54456694
16.14102643	368.7676156
16.13175875	67.06398886
15.98193531	36.44383192
15.94237625	13.55451927
15.91690938	21.80393423
15.87972063	14.98029788
15.779325	14.64671076
15.41640375	7.549732336
15.34737	31.71796178
15.25802875	16.42998968
15.22130875	58.49969833
15.21492906	20.81130711
15.202565	23.25160697
15.14158969	10.25494535
15.07230625	27.07892579
15.05949594	7.446111624
15.02929313	33.25297339
15.0274125	10.37604772
14.9723975	10.71708859
14.94860875	14.53603871
14.88812563	13.76632557
14.87340375	5.875817945
14.84113031	39.15200107
14.78899531	9.386141489
14.72709688	44.27652675
14.71917094	5.849835334
14.68535594	16.94784147
14.68269531	9.051136238
14.66633313	49.01641259
14.62750656	20.18921532
14.59731188	32.70176113
14.44156938	33.86421859
14.43494875	17.32071913
14.40333656	9.410930736
14.34583438	9.16538977
14.30576188	5.97434309
14.30073813	8.644894708
14.22012063	11.62651994
14.21753875	39.32267463
14.1878725	12.2111865
14.13538	26.67436694
14.10730031	15.14624606
14.08503906	16.31781806
14.06801438	11.69978637
14.046875	7.405157062
14.035645	29.33878005
14.02503031	6.834800428
14.00186938	31.97311925
13.97514844	13.11636767
13.88798656	15.61530739
13.84089375	15.87695434
13.72129781	26.49395016
13.71107563	15.30999343
13.61262656	22.98398077
13.60574938	21.41097009
13.54174156	92.23449
13.51819031	39.07463101
13.50551625	10.40020828
13.48425938	73.32471929
13.45212969	9.814377121
13.42946188	19.803311
13.35697625	9.587767906
13.32881813	29.31417468
13.29482219	23.78784407
13.26279281	10.02053305
13.2338975	21.43415151
13.23251813	21.36320775
13.19860063	9.887241599
12.64844313	20.56323392
12.62356844	7.182652011
12.61157594	30.53797779
12.60360844	23.02004553
12.57064563	11.11561273
12.49581813	18.99561764
12.47014875	13.41337244
12.43663688	13.01070579
12.29761969	5.614295322
12.12573875	18.68981893
12.10892719	6.213124175
12.05461438	5.67987542
12.02112313	53.69424722
11.99023656	17.81201271
11.9793775	14.80231581
11.76457594	6.608420226
11.74739094	6.478299934
11.72269313	15.44930035
11.71096188	121.2895205
11.70208	9.735747742
11.66225438	39.16223816
11.63631156	19.68300686
11.56758875	14.84010714
11.53254	4.676826329
11.42122125	10.95787514
11.37476588	56.57882301
11.31308063	15.17078737
11.25036844	23.63319237
11.17889438	20.16021088
11.05491563	5.77005293
11.0161325	17.08522028
10.99492156	17.85508498
10.99211531	85.55542358
10.92530938	17.02724503
10.9161575	8.213205969
10.894445	14.49992741
10.71049	19.94878089
10.6445025	20.373875
10.61787563	16.95879671
10.60322813	18.77729898
10.49296656	21.04934917
10.42653063	8.1224769
10.37794906	23.92713687
10.35742209	21.9534927
10.33872719	17.73249857
10.3202925	27.4473211
10.26476344	19.81132381
10.21273438	13.00491116
10.13738469	23.04725291
10.06257656	16.18698828
9.9301975	42.98141272
9.915587813	3.967446393
9.88169125	12.62472978
9.867265	26.04244447
9.73999875	14.29490178
9.675490625	21.67402474
9.625400625	21.1182362
9.5970455	13.24462521
9.563339688	9.353804782
9.5438725	16.86920239
9.455804688	25.3676192
9.419664156	56.29085216
9.344937813	12.25281027
9.313251563	22.90074447
9.210482875	9.511486973
9.105974687	11.25739135
9.095900625	26.28438243
8.957024347	21.67183014
8.744044063	8.058527964
8.692067875	23.44599346
8.607655625	10.65068903
8.587030313	19.8474103
8.344815625	15.00594236
8.223923125	6.673427339
8.212589688	34.55283539
8.153780313	11.22040374
8.052994375	12.01376374
7.907130938	5.797364661
7.721765406	36.07486382
7.409781875	16.39438564
7.276293125	9.794275461
7.229083125	26.16910698
7.195358438	10.82247431
6.756148438	22.30280372
6.585876875	23.5069174
6.433045813	14.45868249
6.427134344	52.68870091
6.423853719	27.95602874
6.26465875	25.68002301
6.190756938	12.50943191
5.809409688	7.578018359
5.491197188	10.17435252
5.185011438	16.82963792
4.975998188	235.9549035
4.970685578	168.199128
4.731932409	7.74510008
4.604593988	13.87561505
4.583780813	29.00983378
3.997978594	40.6705795
3.394285469	220.2659977
3.276366275	42.31528282
2.251910469	108.9647449
1.722705044	32.649958
-0.001749	64.88322313
-1.592922434	103.0603346
-3.927776594	224.3659227
-4.781883844	216.8319353